-246.00  -45.00  -358.00
-336.00  -297.00  -504.00
-219.00  -216.00  -91.00
-247.00  -236.00  -424.00
-350.00  -295.00  -386.00
-301.00  -277.00  -452.00
-240.00  -271.00  -446.00
-319.00  -326.00  -632.00
-206.00  -238.00  -365.00
-202.00  -87.00  -281.00
-209.00  -163.00  -387.00
-323.00  -294.00  -416.00
-301.00  -258.00  -390.00
-244.00  -220.00  -407.00
-183.00  -281.00  -363.00
-242.00  -210.00  -402.00
-270.00  -219.00  -387.00
-198.00  -261.00  -295.00
-346.00  -336.00  -461.00
-319.00  -295.00  -432.00
-280.00  -407.00  -399.00
-156.00  -219.00  -452.00
-196.00  -268.00  -425.00
-324.00  -288.00  -412.00
 
-260.00  28.00  -363.00
-348.00  -222.00  -514.00
-230.00  -137.00  -99.00
-258.00  -171.00  -432.00
-365.00  -211.00  -394.00
-313.00  -200.00  -458.00
-253.00  -196.00  -454.00
-331.00  -244.00  -641.00
-216.00  -153.00  -369.00
-215.00  -8.00  -287.00
-223.00  -59.00  -392.00
-333.00  -186.00  -425.00
-312.00  -159.00  -397.00
-258.00  -148.00  -414.00
-196.00  -172.00  -369.00
-259.00  -105.00  -415.00
-275.00  -115.00  -402.00
-212.00  -159.00  -309.00
-367.00  -239.00  -475.00
-328.00  -199.00  -443.00
-289.00  -289.00  -413.00
-168.00  -92.00  -467.00
-202.00  -148.00  -443.00
-340.00  -179.00  -420.00
 
-280.00  490.00  -168.00
-408.00  267.00  -257.00
-251.00  293.00  98.00
-283.00  266.00  -239.00
-407.00  262.00  -152.00
-357.00  253.00  -200.00
-278.00  263.00  -231.00
-384.00  225.00  -396.00
-254.00  296.00  -139.00
-243.00  434.00  -77.00
-246.00  389.00  -200.00
-371.00  240.00  -167.00
-347.00  259.00  -156.00
-307.00  301.00  -143.00
-244.00  249.00  -143.00
-314.00  351.00  -190.00
-267.00  349.00  -192.00
-266.00  307.00  -33.00
-420.00  237.00  -211.00
-363.00  263.00  -187.00
-323.00  123.00  -166.00
-225.00  332.00  -254.00
-250.00  304.00  -146.00
-413.00  267.00  -135.00
 
-527.00  282.00  -44.00
-617.00  83.00  -143.00
-484.00  124.00  269.00
-506.00  94.00  -94.00
-628.00  39.00  -29.00
-570.00  55.00  -103.00
-512.00  63.00  -86.00
-590.00  6.00  -317.00
-475.00  87.00  -62.00
-459.00  224.00  32.00
-507.00  166.00  -92.00
-600.00  36.00  -51.00
-576.00  46.00  -29.00
-524.00  68.00  -51.00
-477.00  7.00  -26.00
-532.00  95.00  -63.00
-523.00  159.00  -42.00
-485.00  64.00  77.00
-630.00  -7.00  -83.00
-605.00  44.00  -74.00
-544.00  -99.00  -26.00
-467.00  85.00  -143.00
-487.00  72.00  -80.00
-615.00  -24.00  -37.00
 
-341.00  -163.00  -282.00
-418.00  -385.00  -408.00
-296.00  -332.00  -1.00
-377.00  -352.00  -310.00
-473.00  -378.00  -272.00
-378.00  -407.00  -346.00
-301.00  -492.00  -269.00
-384.00  -428.00  -538.00
-287.00  -350.00  -300.00
-275.00  -189.00  -217.00
-332.00  -262.00  -300.00
-393.00  -427.00  -324.00
-410.00  -339.00  -288.00
-299.00  -338.00  -317.00
-254.00  -425.00  -248.00
-254.00  -331.00  -334.00
-333.00  -330.00  -302.00
-296.00  -341.00  -209.00
-378.00  -457.00  -382.00
-417.00  -393.00  -334.00
-290.00  -522.00  -340.00
-232.00  -316.00  -374.00
-241.00  -393.00  -329.00
-324.00  -410.00  -350.00
 
-103.00  -426.00  120.00
-183.00  -638.00  94.00
-57.00  -613.00  401.00
-90.00  -592.00  45.00
-201.00  -703.00  114.00
-163.00  -657.00  81.00
-119.00  -637.00  101.00
-189.00  -706.00  -89.00
-60.00  -633.00  39.00
-71.00  -494.00  159.00
-80.00  -572.00  47.00
-192.00  -680.00  115.00
-179.00  -651.00  136.00
-109.00  -585.00  100.00
-83.00  -643.00  163.00
-92.00  -600.00  122.00
-169.00  -583.00  169.00
-78.00  -649.00  249.00
-201.00  -675.00  149.00
-207.00  -666.00  107.00
-135.00  -768.00  153.00
-50.00  -564.00  38.00
-94.00  -637.00  120.00
-164.00  -669.00  108.00
 
-560.00  -9.00  18.00
-615.00  -241.00  27.00
-512.00  -192.00  426.00
-527.00  -231.00  97.00
-658.00  -263.00  100.00
-606.00  -252.00  -25.00
-540.00  -263.00  86.00
-614.00  -278.00  -221.00
-510.00  -206.00  36.00
-492.00  -57.00  92.00
-528.00  -143.00  36.00
-642.00  -247.00  -8.00
-604.00  -203.00  -8.00
-535.00  -199.00  89.00
-499.00  -249.00  41.00
-540.00  -157.00  17.00
-574.00  -108.00  36.00
-510.00  -186.00  119.00
-636.00  -272.00  38.00
-645.00  -235.00  38.00
-566.00  -328.00  -21.00
-477.00  -160.00  -61.00
-526.00  -184.00  -20.00
-616.00  -233.00  42.00
 
33.00  -18.00  -398.00
-56.00  -220.00  -583.00
98.00  -165.00  -139.00
19.00  -197.00  -472.00
-45.00  -242.00  -445.00
-12.00  -231.00  -505.00
64.00  -204.00  -493.00
-46.00  -282.00  -685.00
127.00  -203.00  -394.00
104.00  -55.00  -324.00
122.00  -95.00  -418.00
-5.00  -227.00  -460.00
-5.00  -194.00  -439.00
110.00  -210.00  -443.00
101.00  -217.00  -403.00
116.00  -194.00  -433.00
93.00  -239.00  -398.00
142.00  -256.00  -319.00
-40.00  -268.00  -516.00
2.00  -216.00  -472.00
19.00  -356.00  -457.00
202.00  -196.00  -470.00
193.00  -262.00  -426.00
-10.00  -255.00  -455.00
 
412.00  -39.00  165.00
231.00  -256.00  220.00
427.00  -211.00  528.00
384.00  -203.00  141.00
241.00  -304.00  331.00
345.00  -267.00  198.00
334.00  -234.00  240.00
310.00  -295.00  49.00
438.00  -256.00  143.00
361.00  -128.00  308.00
389.00  -257.00  186.00
317.00  -299.00  216.00
273.00  -325.00  334.00
352.00  -257.00  241.00
378.00  -295.00  229.00
384.00  -169.00  295.00
324.00  -238.00  305.00
349.00  -343.00  443.00
304.00  -307.00  223.00
296.00  -327.00  213.00
339.00  -448.00  315.00
508.00  -207.00  100.00
380.00  -295.00  161.00
316.00  -306.00  296.00
 
267.00  288.00  266.00
140.00  96.00  228.00
295.00  137.00  630.00
251.00  69.00  262.00
160.00  54.00  355.00
264.00  45.00  241.00
280.00  -3.00  252.00
216.00  46.00  82.00
315.00  87.00  227.00
293.00  236.00  307.00
332.00  182.00  204.00
205.00  11.00  328.00
210.00  75.00  332.00
296.00  107.00  278.00
352.00  -13.00  311.00
285.00  199.00  300.00
262.00  138.00  323.00
257.00  110.00  391.00
186.00  67.00  238.00
208.00  55.00  307.00
247.00  -19.00  269.00
359.00  178.00  152.00
347.00  69.00  347.00
226.00  122.00  260.00
 
76.00  -43.00  -386.00
-68.00  -342.00  -545.00
68.00  -298.00  -107.00
83.00  -197.00  -459.00
-60.00  -309.00  -420.00
33.00  -261.00  -487.00
43.00  -337.00  -462.00
-65.00  -444.00  -623.00
75.00  -332.00  -376.00
32.00  -221.00  -289.00
61.00  -294.00  -389.00
-11.00  -305.00  -445.00
-44.00  -356.00  -394.00
43.00  -271.00  -435.00
76.00  -393.00  -363.00
49.00  -233.00  -425.00
-54.00  -418.00  -339.00
87.00  -333.00  -311.00
-91.00  -466.00  -458.00
-6.00  -323.00  -452.00
-19.00  -512.00  -407.00
149.00  -252.00  -468.00
30.00  -459.00  -376.00
-86.00  -456.00  -383.00
 
441.00  -121.00  2.00
286.00  -339.00  -119.00
440.00  -314.00  368.00
407.00  -273.00  -93.00
315.00  -396.00  51.00
385.00  -371.00  -25.00
401.00  -330.00  -38.00
341.00  -427.00  -154.00
469.00  -334.00  -1.00
432.00  -159.00  -13.00
492.00  -258.00  -36.00
356.00  -352.00  -48.00
350.00  -361.00  59.00
418.00  -286.00  -5.00
471.00  -347.00  28.00
435.00  -254.00  -11.00
395.00  -307.00  22.00
454.00  -318.00  84.00
342.00  -355.00  -150.00
369.00  -361.00  4.00
401.00  -458.00  -102.00
525.00  -241.00  -141.00
485.00  -330.00  -11.00
362.00  -332.00  -130.00
 
166.00  531.00  42.00
47.00  325.00  -136.00
201.00  358.00  364.00
165.00  306.00  68.00
69.00  285.00  123.00
141.00  283.00  17.00
152.00  314.00  52.00
93.00  258.00  -150.00
216.00  296.00  19.00
253.00  400.00  220.00
274.00  375.00  52.00
89.00  242.00  37.00
143.00  265.00  155.00
234.00  290.00  132.00
225.00  283.00  99.00
206.00  347.00  210.00
194.00  265.00  127.00
272.00  268.00  293.00
191.00  192.00  52.00
369.00  -361.00  4.00
215.00  143.00  103.00
344.00  337.00  -101.00
241.00  367.00  -45.00
143.00  315.00  92.00
 
55.00  -10.00  -400.00
-87.00  -278.00  -541.00
49.00  -190.00  -141.00
-2.00  -190.00  -475.00
-97.00  -259.00  -434.00
-30.00  -246.00  -503.00
19.00  -234.00  -496.00
-40.00  -289.00  -674.00
59.00  -209.00  -407.00
104.00  -50.00  -326.00
127.00  -127.00  -417.00
-85.00  -243.00  -471.00
-70.00  -203.00  -440.00
-5.00  -173.00  -466.00
103.00  -242.00  -400.00
36.00  -161.00  -450.00
32.00  -210.00  -428.00
21.00  -193.00  -353.00
-55.00  -290.00  -521.00
-87.00  -219.00  -489.00
-47.00  -354.00  -464.00
94.00  -166.00  -497.00
37.00  -191.00  -477.00
-53.00  -241.00  -469.00
 
379.00  -194.00  104.00
318.00  -431.00  141.00
399.00  -372.00  446.00
357.00  -344.00  85.00
291.00  -436.00  161.00
344.00  -430.00  74.00
344.00  -399.00  135.00
308.00  -460.00  -57.00
422.00  -395.00  52.00
398.00  -268.00  166.00
447.00  -329.00  63.00
300.00  -432.00  141.00
308.00  -435.00  179.00
378.00  -344.00  119.00
431.00  -390.00  133.00
393.00  -331.00  165.00
363.00  -352.00  119.00
413.00  -423.00  278.00
327.00  -431.00  80.00
343.00  -345.00  119.00
367.00  -545.00  151.00
498.00  -278.00  35.00
422.00  -385.00  155.00
333.00  -407.00  136.00
 
-165.00  140.00  -384.00
-217.00  -204.00  -500.00
-136.00  -79.00  -137.00
-170.00  -37.00  -457.00
-244.00  -168.00  -437.00
-203.00  -156.00  -500.00
-158.00  -83.00  -489.00
-209.00  -220.00  -680.00
-123.00  -103.00  -392.00
-118.00  40.00  -317.00
-108.00  -50.00  -421.00
-228.00  -182.00  -458.00
-213.00  -12.00  -413.00
-164.00  -65.00  -452.00
-108.00  -128.00  -397.00
-149.00  -74.00  -454.00
-178.00  61.00  -416.00
-124.00  -71.00  -337.00
-280.00  -152.00  -508.00
-243.00  65.00  -419.00
-196.00  -179.00  -440.00
-77.00  3.00  -486.00
-108.00  37.00  -441.00
-237.00  -32.00  -447.00
 
-229.00  261.00  -352.00
-289.00  -12.00  -469.00
-169.00  50.00  -111.00
-205.00  23.00  -444.00
-315.00  5.00  -398.00
-254.00  -18.00  -468.00
-198.00  -10.00  -478.00
-272.00  -58.00  -647.00
-156.00  18.00  -369.00
-179.00  195.00  -276.00
-163.00  115.00  -393.00
-280.00  -35.00  -427.00
-265.00  23.00  -390.00
-214.00  41.00  -419.00
-152.00  -10.00  -371.00
-197.00  63.00  -430.00
-217.00  51.00  -404.00
-162.00  18.00  -314.00
-317.00  -67.00  -488.00
-278.00  -9.00  -438.00
-249.00  -124.00  -415.00
-129.00  67.00  -466.00
-145.00  1.00  -446.00
-291.00  -7.00  -429.00
 
-219.00  242.00  -357.00
-312.00  -20.00  -478.00
-214.00  66.00  -97.00
-235.00  39.00  -423.00
-333.00  16.00  -401.00
-283.00  -4.00  -452.00
-229.00  9.00  -454.00
-294.00  -49.00  -637.00
-187.00  40.00  -357.00
-213.00  208.00  -280.00
-200.00  137.00  -383.00
-308.00  -12.00  -414.00
-291.00  36.00  -386.00
-231.00  53.00  -409.00
-179.00  -7.00  -360.00
-234.00  91.00  -408.00
-243.00  65.00  -394.00
-214.00  53.00  -293.00
-356.00  -41.00  -470.00
-303.00  -2.00  -429.00
-271.00  -113.00  -403.00
-150.00  73.00  -457.00
-175.00  17.00  -433.00
-313.00  4.00  -416.00