-116.84  179.40  -397.44
  -189.52  -55.20  -495.88
  -94.76  26.68  -169.28
  -128.80  -1.84  -465.52
  -206.08  -29.44  -433.32
  -159.16  -39.56  -494.04
  -118.68  -34.04  -489.44
  -177.56  -90.16  -659.64
  -80.04  6.44  -396.52
  -86.48  172.04  -318.32
  -80.96  70.84  -417.68
  -190.44  -40.48  -458.16
  -161.92  4.60  -423.20
  -119.60  7.36  -457.24
  -67.16  -42.32  -398.36
  -118.68  51.52  -448.96
  -141.68  16.56  -444.36
  -76.36  23.92  -349.60
  -223.56  -70.84  -517.04
  -172.96  -41.40  -478.40
  -149.96  -149.96  -456.32
  -34.96  30.36  -486.68
  -59.80  -25.76  -465.52
  -193.20  -37.72  -460.92
   
-117.76  185.84  -397.44
  -189.52  -50.60  -494.04
  -94.76  26.68  -169.28
  -129.72  0.92  -467.36
  -206.08  -29.44  -433.32
  -158.24  -35.88  -493.12
  -117.76  -32.20  -492.20
  -177.56  -89.24  -658.72
  -79.12  10.12  -395.60
  -84.64  174.80  -319.24
  -80.04  73.60  -416.76
  -187.68  -35.88  -458.16
  -161.00  9.20  -422.28
  -120.52  9.20  -454.48
  -67.16  -38.64  -399.28
  -117.76  53.36  -448.96
  -140.76  19.32  -444.36
  -75.44  27.60  -348.68
  -224.48  -69.00  -517.96
  -174.80  -40.48  -477.48
  -150.88  -146.28  -454.48
  -34.96  32.20  -487.60
  -60.72  -25.76  -467.36
  -191.36  -34.96  -460.92
   
-115.00  184.92  -396.52
  -188.60  -48.76  -494.96
  -93.84  28.52  -167.44
  -128.80  1.84  -466.44
  -205.16  -23.92  -435.16
  -157.32  -37.72  -491.28
  -116.84  -32.20  -489.44
  -175.72  -85.56  -657.80
  -77.28  10.12  -395.60
  -82.80  177.56  -318.32
  -79.12  75.44  -416.76
  -186.76  -35.88  -458.16
  -160.08  10.12  -422.28
  -116.84  9.20  -456.32
  -65.32  -40.48  -399.28
  -116.84  56.12  -448.96
  -138.00  19.32  -442.52
  -73.60  26.68  -348.68
  -221.72  -69.92  -517.96
  -170.20  -35.88  -474.72
  -149.04  -148.12  -453.56
  -31.28  31.28  -486.68
  -59.80  -24.84  -467.36
  -190.44  -34.04  -463.68
   
-115.00  185.84  -395.60
  -187.68  -50.60  -494.04
  -92.92  25.76  -169.28
  -126.04  -0.92  -466.44
  -205.16  -24.84  -432.40
  -156.40  -37.72  -492.20
  -115.00  -30.36  -491.28
  -174.80  -87.40  -657.80
  -77.28  8.28  -396.52
  -85.56  175.72  -318.32
  -79.12  73.60  -418.60
  -187.68  -37.72  -459.08
  -159.16  4.60  -423.20
  -116.84  8.28  -456.32
  -65.32  -42.32  -397.44
  -117.76  53.36  -449.88
  -138.00  15.64  -444.36
  -73.60  24.84  -349.60
  -225.40  -71.76  -517.96
  -173.88  -44.16  -477.48
  -150.88  -152.72  -455.40
  -33.12  27.60  -487.60
  -61.64  -33.12  -470.12
  -192.28  -41.40  -462.76
   
-121.44  153.64  -402.04
  -196.88  -78.20  -495.88
  -96.60  -4.60  -172.04
  -133.40  -26.68  -470.12
  -207.00  -56.12  -437.92
  -161.00  -67.16  -495.88
  -120.52  -67.16  -496.80
  -177.56  -123.28  -663.32
  -80.96  -25.76  -401.12
  -86.48  140.76  -324.76
  -80.96  37.72  -421.36
  -189.52  -73.60  -466.44
  -161.92  -33.12  -431.48
  -121.44  -33.12  -462.76
  -66.24  -86.48  -404.80
  -118.68  8.28  -454.48
  -140.76  -29.44  -448.04
  -76.36  -23.92  -360.64
  -223.56  -130.64  -521.64
  -174.80  -103.96  -485.76
  -149.04  -216.20  -465.52
  -33.12  27.60  -487.60
  -63.48  -97.52  -475.64
  -192.28  -41.40  -462.76
   
-84.64  -46.00  -400.20
  -196.88  -78.20  -495.88
  -65.32  -212.52  -168.36
  -95.68  -226.32  -465.52
  -176.64  -276.92  -428.72
  -126.96  -289.80  -488.52
  -84.64  -276.92  -482.08
  -144.44  -343.16  -644.00
  -43.24  -249.32  -397.44
  -50.60  -97.52  -333.04
  -34.96  -222.64  -408.48
  -146.28  -309.12  -457.24
  -126.04  -279.68  -426.88
  -80.96  -271.40  -439.76
  -15.64  -340.40  -380.88
  -68.08  -253.00  -437.92
  -115.92  -318.32  -399.28
  -32.20  -318.32  -335.80
  -165.60  -408.48  -482.08
  -131.56  -402.04  -433.32
  -104.88  -502.32  -414.00
  19.32  -334.88  -440.68
  -23.00  -409.40  -404.80
  -132.48  -424.12  -406.64
   
-57.96  -327.52  -276.00
  -137.08  -566.72  -322.92
  -48.76  -492.20  -10.12
  -69.00  -481.16  -322.00
  -160.08  -554.76  -267.72
  -114.08  -545.56  -339.48
  -67.16  -540.04  -315.56
  -128.80  -593.40  -481.16
  -27.60  -522.56  -266.80
  -29.44  -379.96  -208.84
  -23.00  -484.84  -273.24
  -128.80  -568.56  -298.08
  -120.52  -533.60  -274.16
  -69.00  -505.08  -276.00
  -2.76  -566.72  -232.76
  -46.00  -506.92  -266.80
  -115.92  -526.24  -223.56
  -28.52  -553.84  -173.88
  -137.08  -626.52  -306.36
  -128.80  -588.80  -281.52
  -89.24  -690.00  -253.92
  30.36  -515.20  -305.44
  -22.08  -575.00  -245.64
  -117.76  -590.64  -256.68
   
-42.32  -436.08  -140.76
  -117.76  -665.16  -149.04
  -37.72  -589.72  149.04
  -46.92  -577.76  -172.96
  -143.52  -651.36  -110.40
  -95.68  -644.92  -170.20
  -48.76  -631.12  -147.20
  -111.32  -687.24  -309.12
  -5.52  -614.56  -135.24
  -3.68  -488.52  -67.16
  0.92  -579.60  -137.08
  -128.80  -568.56  -298.08
  -102.12  -632.04  -111.32
  -69.00  -505.08  -276.00
  26.68  -654.12  -67.16
  -10.12  -600.76  -75.44
  -84.64  -608.12  -23.92
  4.60  -656.88  29.44
  -79.12  -709.32  -80.96
  -128.80  -588.80  -281.52
  -40.48  -775.56  -33.12
  75.44  -594.32  -109.48
  16.56  -651.36  -14.72
  -50.60  -674.36  -15.64
   
47.84  -449.88  91.08
  -26.68  -660.56  136.16
  52.44  -598.00  431.48
  45.08  -578.68  92.00
  -50.60  -655.96  178.48
  0.00  -643.08  98.44
  36.80  -619.16  141.68
  -22.08  -674.36  -34.96
  87.40  -614.56  89.24
  89.24  -498.64  161.00
  94.76  -561.20  88.32
  -96.60  -673.44  193.20
  -7.36  -632.04  184.00
  57.04  -554.76  173.88
  111.32  -620.08  175.72
  76.36  -570.40  194.12
  13.80  -556.60  255.76
  90.16  -621.00  307.28
  10.12  -650.44  165.60
  -12.88  -623.76  206.08
  58.88  -716.68  237.36
  146.28  -529.00  105.80
  94.76  -575.92  247.48
  33.12  -598.00  233.68
   
67.16  -364.32  241.04
  -5.52  -567.64  302.68
  72.68  -503.24  603.52
  66.24  -490.36  246.56
  -34.96  -567.64  333.96
  15.64  -552.00  261.28
  53.36  -524.40  299.92
  -7.36  -577.76  124.20
  108.56  -523.48  224.48
  104.88  -416.76  297.16
  94.76  -561.20  88.32
  -9.20  -647.68  193.20
  11.96  -544.64  335.80
  82.80  -455.40  312.80
  126.96  -519.80  305.44
  95.68  -458.16  350.52
  46.00  -442.52  385.48
  110.40  -522.56  442.52
  27.60  -528.08  314.64
  -2.76  -513.36  345.00
  75.44  -608.12  370.76
  155.48  -420.44  216.20
  97.52  -463.68  372.60
  35.88  -492.20  358.80
   
96.60  -155.48  368.92
  36.80  -343.16  447.12
  111.32  -295.32  744.28
  104.88  -289.80  375.36
  9.20  -350.52  476.56
  64.40  -349.60  390.08
  91.08  -321.08  424.12
  34.04  -369.84  249.32
  154.56  -325.68  330.28
  156.40  -220.80  416.76
  171.12  -242.88  312.80
  49.68  -354.20  453.56
  67.16  -361.56  456.32
  147.20  -272.32  406.64
  178.48  -334.88  398.36
  157.32  -264.04  447.12
  126.04  -253.00  466.44
  192.28  -331.20  535.44
  119.60  -327.52  379.04
  96.60  -325.68  414.92
  175.72  -432.40  431.48
  256.68  -224.48  271.40
  208.84  -288.88  427.80
  151.80  -303.60  411.24
   
210.68  -99.36  345.92
  147.20  -279.68  416.76
  219.88  -237.36  717.60
  205.16  -232.76  345.92
  120.52  -299.00  445.28
  173.88  -296.24  360.64
  191.36  -271.40  391.00
  146.28  -327.52  215.28
  257.60  -286.12  305.44
  253.92  -185.84  384.56
  271.40  -213.44  284.28
  155.48  -326.60  413.08
  160.08  -335.80  424.12
  231.84  -252.08  363.40
  271.40  -315.56  359.72
  238.28  -245.64  409.40
  212.52  -252.08  420.44
  264.96  -327.52  498.64
  182.16  -328.44  338.56
  172.04  -328.44  375.36
  251.16  -432.40  381.80
  322.92  -233.68  236.44
  280.60  -293.48  386.40
  217.12  -308.20  363.40
   
275.08  -99.36  304.52
  214.36  -287.96  366.16
  219.88  -237.36  717.60
  268.64  -234.60  301.76
  188.60  -299.92  399.28
  244.72  -298.08  310.04
  259.44  -268.64  343.16
  213.44  -323.84  169.28
  333.96  -282.44  256.68
  329.36  -174.80  333.04
  351.44  -204.24  241.04
  240.12  -320.16  349.60
  248.40  -333.04  354.20
  310.96  -247.48  299.92
  351.44  -310.96  299.00
  333.96  -244.72  328.44
  291.64  -264.04  345.00
  355.12  -333.04  413.08
  275.08  -335.80  242.88
  275.08  -340.40  283.36
  346.84  -446.20  280.60
  424.12  -244.72  155.48
  383.64  -315.56  284.28
  316.48  -326.60  253.92
   
433.32  -103.96  113.16
  360.64  -324.76  140.76
  429.64  -268.64  445.28
  406.64  -258.52  89.24
  339.48  -325.68  162.84
  393.76  -325.68  80.96
  402.96  -298.08  99.36
  368.92  -353.28  -76.36
  474.72  -294.40  63.48
  452.64  -163.76  125.12
  507.84  -220.80  26.68
  377.20  -322.00  92.00
  382.72  -321.08  101.20
  438.84  -253.00  45.08
  480.24  -299.00  66.24
  453.56  -230.00  68.08
  409.40  -279.68  87.40
  475.64  -306.36  138.92
  380.88  -322.92  -36.80
  393.76  -318.32  17.48
  437.92  -426.88  15.64
  532.68  -228.16  -64.40
  489.44  -303.60  32.20
  403.88  -303.60  -15.64
   
442.52  -84.64  -122.36
  369.84  -316.48  -134.32
  442.52  -253.00  175.72
  409.40  -239.20  -172.04
  341.32  -308.20  -103.96
  391.92  -302.68  -201.48
  394.68  -284.28  -186.76
  362.48  -343.16  -342.24
  453.56  -262.20  -175.72
  426.88  -114.08  -112.24
  474.72  -202.40  -196.88
  342.24  -300.84  -190.44
  351.44  -284.28  -172.04
  398.36  -237.36  -218.04
  436.08  -282.44  -176.64
  406.64  -207.92  -201.48
  347.76  -275.08  -200.56
  420.44  -275.08  -125.12
  305.44  -318.32  -299.00
  324.76  -308.20  -257.60
  345.92  -416.76  -268.64
  456.32  -223.56  -309.12
  414.00  -295.32  -249.32
  302.68  -298.08  -289.80
   
271.40  -94.76  -312.80
  369.84  -316.48  -134.32
  256.68  -263.12  -78.20
  220.80  -258.52  -391.92
  341.32  -308.20  -103.96
  194.12  -318.32  -428.72
  210.68  -310.96  -404.80
  148.12  -367.08  -576.84
  246.56  -277.84  -344.08
  212.52  -116.84  -292.56
  249.32  -227.24  -363.40
  122.36  -330.28  -398.36
  126.04  -285.20  -384.56
  169.28  -263.12  -411.24
  228.16  -312.80  -345.92
  176.64  -233.68  -402.04
  129.72  -294.40  -374.44
  197.80  -284.28  -310.04
  69.92  -352.36  -469.20
  110.40  -329.36  -418.60
  120.52  -437.00  -416.76
  240.12  -255.76  -438.84
  199.64  -322.92  -408.48
  82.80  -327.52  -425.96
   
33.12  -164.68  -367.08
  -51.52  -405.72  -444.36
  35.88  -324.76  -132.48
  -1.84  -323.84  -435.16
  -96.60  -379.04  -397.44
  -49.68  -378.12  -461.84
  -7.36  -369.84  -449.88
  -69.00  -425.96  -613.64
  32.20  -337.64  -376.28
  3.68  -169.28  -320.16
  25.76  -282.44  -390.08
  -85.56  -382.72  -431.48
  -80.96  -322.00  -415.84
  -34.96  -305.44  -431.48
  30.36  -359.72  -373.52
  -23.00  -279.68  -431.48
  -78.20  -313.72  -402.04
  1.84  -310.96  -337.64
  -132.48  -386.40  -492.20
  -94.76  -356.96  -451.72
  -72.68  -452.64  -439.76
  48.76  -272.32  -467.36
  7.36  -324.76  -437.92
  -110.40  -332.12  -451.72
   
-105.80  -84.64  -391.92
  -187.68  -318.32  -474.72
  -95.68  -238.28  -158.24
  -122.36  -253.92  -455.40
  -208.84  -291.64  -421.36
  -161.92  -299.92  -482.08
  -118.68  -294.40  -471.96
  -193.20  -343.16  -638.48
  -103.96  -252.08  -391.00
  -104.88  -90.16  -322.92
  -115.92  -201.48  -405.72
  -216.20  -313.72  -443.44
  -204.24  -247.48  -425.96
  -165.60  -241.96  -434.24
  -95.68  -299.00  -380.88
  -152.72  -214.36  -437.92
  -214.36  -241.96  -406.64
  -138.00  -237.36  -340.40
  -274.16  -333.04  -484.84
  -241.96  -300.84  -454.48
  -214.36  -395.60  -429.64
  -100.28  -223.56  -463.68
  -141.68  -274.16  -436.08
  -267.72  -282.44  -435.16
   
-223.56  -38.64  -375.36
  -290.72  -270.48  -459.08
  -194.12  -192.28  -143.52
  -220.80  -215.28  -439.76
  -308.20  -247.48  -409.40
  -264.04  -258.52  -467.36
  -207.92  -261.28  -459.08
  -274.16  -304.52  -628.36
  -181.24  -217.12  -379.04
  -186.76  -52.44  -307.28
  -196.88  -164.68  -393.76
  -293.48  -278.76  -432.40
  -274.16  -210.68  -408.48
  -237.36  -207.00  -417.68
  -170.20  -265.88  -368.92
  -241.04  -173.88  -415.84
  -284.28  -194.12  -391.00
  -207.92  -200.56  -320.16
  -360.64  -288.88  -463.68
  -328.44  -249.32  -437.00
  -296.24  -335.80  -409.40
  -180.32  -171.12  -448.04
  -217.12  -218.96  -425.04
  -333.96  -226.32  -420.44
   
-281.52  9.20  -357.88
  -352.36  -221.72  -441.60
  -250.24  -145.36  -124.20
  -282.44  -167.44  -423.20
  -369.84  -194.12  -391.00
  -322.92  -206.08  -449.88
  -271.40  -207.00  -445.28
  -333.96  -248.40  -613.64
  -244.72  -154.56  -362.48
  -240.12  7.36  -286.12
  -254.84  -97.52  -380.88
  -353.28  -217.12  -418.60
  -328.44  -148.12  -389.16
  -282.44  -149.04  -407.56
  -221.72  -205.16  -360.64
  -273.24  -112.24  -411.24
  -313.72  -124.20  -384.56
  -241.04  -133.40  -310.96
  -387.32  -231.84  -459.08
  -349.60  -195.04  -435.16
  -313.72  -295.32  -405.72
  -202.40  -121.44  -447.12
  -239.20  -173.88  -422.28
  -354.20  -184.92  -414.92
   
-341.32  95.68  -333.04
  -405.72  -129.72  -420.44
  -301.76  -54.28  -100.28
  -332.12  -82.80  -399.28
  -410.32  -107.64  -370.76
  -365.24  -125.12  -432.40
  -299.00  -134.32  -436.08
  -369.84  -175.72  -600.76
  -271.40  -88.32  -356.04
  -260.36  68.08  -277.84
  -275.08  -30.36  -376.28
  -366.16  -158.24  -414.92
  -338.56  -87.40  -382.72
  -293.48  -92.92  -404.80
  -232.76  -148.12  -356.96
  -287.04  -57.04  -405.72
  -318.32  -70.84  -387.32
  -246.56  -80.96  -309.12
  -392.84  -180.32  -458.16
  -356.04  -149.96  -432.40
  -320.16  -251.16  -402.96
  -208.84  -87.40  -448.04
  -241.04  -138.92  -423.20
  -360.64  -156.40  -413.08
   
-293.48  95.68  -356.04
  -352.36  -138.92  -449.88
  -260.36  -56.12  -123.28
  -286.12  -82.80  -421.36
  -368.92  -106.72  -393.76
  -329.36  -119.60  -449.88
  -269.56  -109.48  -452.64
  -333.96  -162.84  -620.08
  -232.76  -58.88  -364.32
  -228.16  104.88  -287.04
  -233.68  9.20  -390.08
  -336.72  -117.76  -425.96
  -307.28  -51.52  -392.84
  -263.12  -50.60  -416.76
  -198.72  -94.76  -371.68
  -244.72  -1.84  -417.68
  -272.32  -20.24  -408.48
  -205.16  -20.24  -323.84
  -349.60  -112.24  -479.32
  -303.60  -78.20  -450.80
  -269.56  -180.32  -425.04
  -158.24  -7.36  -463.68
  -186.76  -59.80  -441.60
  -309.12  -72.68  -432.40
   
-232.76  195.96  -369.84
  -287.96  -35.88  -468.28
  -195.04  49.68  -138.00
  -226.32  15.64  -437.92
  -304.52  -4.60  -406.64
  -259.44  -15.64  -464.60
  -207.00  -12.88  -464.60
  -274.16  -65.32  -632.04
  -169.28  33.12  -373.52
  -171.12  195.04  -288.88
  -171.12  104.88  -393.76
  -275.08  -20.24  -434.24
  -249.32  35.88  -393.76
  -204.24  41.40  -425.96
  -149.04  -4.60  -373.52
  -205.16  89.24  -418.60
  -216.20  69.92  -417.68
  -152.72  69.00  -320.16
  -303.60  -24.84  -485.76
  -251.16  6.44  -451.72
  -222.64  -102.12  -425.04
  -111.32  73.60  -464.60
  -126.96  25.76  -448.04
  -257.60  11.04  -433.32
   
-129.72  241.96  -385.48
  -187.68  0.92  -483.00
  -87.40  81.88  -154.56
  -116.84  56.12  -454.48
  -174.80  27.60  -423.20
  -140.76  15.64  -483.92
  -84.64  18.40  -482.08
  -131.56  -37.72  -649.52
  -33.12  57.96  -390.08
  -35.88  220.80  -310.96
  -5.52  123.28  -411.24
  -116.84  2.76  -451.72
  -71.76  49.68  -413.08
  -19.32  56.12  -452.64
  29.44  9.20  -391.92
  -24.84  105.80  -441.60
  -23.00  56.12  -440.68
  34.96  66.24  -342.24
  -111.32  -19.32  -513.36
  -35.88  1.84  -464.60
  -23.00  -107.64  -455.40
  94.76  76.36  -478.40
  76.36  14.72  -456.32
  -46.00  5.52  -458.16
   
101.20  235.52  -379.04
  30.36  -8.28  -469.20
  123.28  72.68  -144.44
  98.44  50.60  -442.52
  28.52  16.56  -400.20
  -140.76  15.64  -483.92
  123.28  8.28  -457.24
  70.84  -44.16  -622.84
  188.60  41.40  -365.24
  166.52  207.00  -291.64
  199.64  111.32  -385.48
  83.72  -10.12  -415.84
  115.92  25.76  -378.12
  168.36  38.64  -420.44
  211.60  -2.76  -356.04
  -24.84  105.80  -441.60
  153.64  24.84  -400.20
  227.24  32.20  -297.16
  -111.32  -19.32  -513.36
  142.60  -15.64  -416.76
  166.52  -134.32  -414.92
  299.92  51.52  -430.56
  264.04  -13.80  -399.28
  145.36  -16.56  -410.32
   
276.92  207.92  -319.24
  216.20  -35.88  -382.72
  304.52  39.56  -54.28
  264.96  27.60  -365.24
  208.84  -14.72  -309.12
  257.60  -26.68  -384.56
  285.20  -15.64  -359.72
  247.48  -69.92  -523.48
  351.44  16.56  -287.96
  333.04  173.88  -212.52
  375.36  85.56  -306.36
  252.08  -28.52  -310.96
  275.08  -3.68  -275.08
  326.60  22.08  -321.08
  366.16  -25.76  -260.36
  333.96  69.00  -292.56
  153.64  24.84  -400.20
  373.52  4.60  -190.44
  253.00  -45.08  -359.72
  299.00  -34.96  -299.00
  334.88  -149.04  -294.40
  444.36  50.60  -322.92
  421.36  -22.08  -262.20
  305.44  -17.48  -283.36
   
378.12  233.68  -220.80
  303.60  0.92  -272.32
  384.56  76.36  55.20
  341.32  79.12  -263.12
  278.76  30.36  -207.00
  335.80  34.04  -276.92
  340.40  41.40  -263.12
  299.92  -6.44  -425.96
  406.64  79.12  -207.00
  378.12  240.12  -127.88
  416.76  184.92  -224.48
  287.04  55.20  -215.28
  300.84  94.76  -170.20
  345.92  126.04  -238.28
  379.04  89.24  -177.56
  342.24  186.76  -205.16
  326.60  131.56  -209.76
  379.96  140.76  -93.84
  241.04  96.60  -287.04
  299.00  -34.96  -299.00
  313.72  3.68  -219.88
  404.80  210.68  -264.04
  381.80  142.60  -204.24
  250.24  161.00  -218.04
   
210.68  494.96  -148.12
  129.72  276.92  -195.04
  227.24  330.28  137.08
  164.68  315.56  -188.60
  98.44  299.00  -128.80
  153.64  272.32  -202.40
  164.68  289.80  -195.04
  104.88  250.24  -361.56
  205.16  326.60  -138.00
  187.68  477.48  -39.56
  203.32  426.88  -161.92
  79.12  287.96  -141.68
  99.36  316.48  -82.80
  142.60  342.24  -160.08
  172.96  304.52  -110.40
  116.84  418.60  -114.08
  137.08  372.60  -140.76
  168.36  370.76  1.84
  15.64  319.24  -198.72
  65.32  325.68  -140.76
  105.80  207.92  -129.72
  185.84  403.88  -203.32
  151.80  348.68  -126.96
  39.56  340.40  -128.80
   
-55.20  588.80  -97.52
  -118.68  372.60  -141.68
  -38.64  429.64  190.44
  -68.08  386.40  -138.92
  -175.72  382.72  -85.56
  -129.72  353.28  -153.64
  164.68  289.80  -195.04
  -154.56  318.32  -325.68
  -57.96  384.56  -105.80
  -76.36  533.60  3.68
  -84.64  483.92  -138.00
  79.12  287.96  -141.68
  -178.48  364.32  -57.04
  -136.16  381.80  -126.04
  -102.12  342.24  -95.68
  -173.88  443.44  -97.52
  -163.76  430.56  -116.84
  -120.52  403.88  17.48
  -298.08  331.20  -163.76
  -254.84  341.32  -127.88
  -215.28  228.16  -86.48
  -127.88  412.16  -193.20
  -159.16  363.40  -117.76
  -287.96  344.08  -88.32
   
-325.68  521.64  -53.36
  -406.64  299.92  -95.68
  -299.92  362.48  237.36
  -332.12  312.80  -92.00
  -430.56  310.96  -34.96
  -388.24  278.76  -100.28
  -341.32  287.96  -105.80
  -423.20  231.84  -280.60
  -328.44  291.64  -69.00
  -320.16  431.48  46.00
  -344.08  388.24  -100.28
  -446.20  240.12  -67.16
  -417.68  272.32  -14.72
  -372.60  287.04  -72.68
  -349.60  219.88  -54.28
  -396.52  327.52  -49.68
  -391.92  335.80  -66.24
  -365.24  279.68  52.44
  -506.00  205.16  -117.76
  -494.96  207.00  -104.88
  -443.44  89.24  -58.88
  -373.52  249.32  -177.56
  -388.24  223.56  -114.08
  -504.16  188.60  -75.44
   
-534.52  260.36  -73.60
  -598.00  41.40  -109.48
  -500.48  92.92  214.36
  -520.72  61.64  -110.40
  -621.00  36.80  -55.20
  -585.12  11.96  -115.92
  -518.88  27.60  -115.92
  -596.16  -23.00  -289.80
  -497.72  40.48  -86.48
  -478.40  165.60  23.92
  -344.08  388.24  -100.28
  -620.08  -28.52  -75.44
  -581.44  25.76  -42.32
  -529.92  39.56  -68.08
  -486.68  -18.40  -53.36
  -539.12  69.92  -50.60
  -540.04  109.48  -52.44
  -491.28  50.60  49.68
  -631.12  -35.88  -92.00
  -620.08  0.92  -83.72
  -556.60  -106.72  -31.28
  -471.96  69.00  -145.36
  -506.00  41.40  -72.68
  -607.20  -1.84  -38.64
   
-554.76  242.88  4.60
  -612.72  34.04  -20.24
  -516.12  89.24  302.68
  -535.44  51.52  -26.68
  -633.88  35.88  26.68
  -596.16  15.64  -34.96
  -531.76  26.68  -30.36
  -609.96  -25.76  -208.84
  -506.00  39.56  -21.16
  -483.92  166.52  88.32
  -538.20  114.08  -45.08
  -626.52  -17.48  -0.92
  -593.40  11.04  42.32
  -544.64  23.92  17.48
  -499.56  -34.04  22.08
  -549.24  46.00  30.36
  -559.36  85.56  39.56
  -506.00  12.88  138.00
  -641.24  -77.28  2.76
  -643.08  -49.68  11.96
  -567.64  -147.20  57.04
  -490.36  7.36  -60.72
  -529.92  -28.52  32.20
  -618.24  -81.88  78.20
   
-557.52  73.60  143.52
  -611.80  -135.24  166.52
  -520.72  -76.36  471.04
  -527.16  -108.56  142.60
  -631.12  -138.00  216.20
  -588.80  -153.64  158.24
  -523.48  -127.88  162.84
  -602.60  -184.00  -7.36
  -491.28  -138.92  149.96
  -462.76  -23.00  248.40
  -517.04  -63.48  126.96
  -604.44  -187.68  215.28
  -566.72  -172.96  249.32
  -500.48  -136.16  234.60
  -448.04  -204.24  226.32
  -501.40  -127.88  251.16
  -516.12  -72.68  282.44
  -462.76  -161.92  350.52
  -571.32  -230.92  228.16
  -576.84  -218.04  250.24
  -491.28  -321.08  299.00
  -422.28  -142.60  135.24
  -459.08  -179.40  260.36
  -520.72  -257.60  255.76
   
-390.08  -68.08  318.32
  -448.96  -262.20  377.20
  -353.28  -221.72  685.40
  -352.36  -230.92  333.96
  -461.84  -269.56  417.68
  -412.16  -281.52  347.76
  -523.48  -127.88  162.84
  -408.48  -304.52  204.24
  -308.20  -264.04  302.68
  -279.68  -159.16  403.88
  -319.24  -182.16  285.20
  -396.52  -303.60  424.12
  -383.64  -291.64  428.72
  -307.28  -223.56  402.04
  -262.20  -293.48  383.64
  -307.28  -218.04  427.80
  -324.76  -166.52  459.08
  -273.24  -272.32  528.08
  -356.96  -309.12  400.20
  -370.76  -299.92  412.16
  -289.80  -395.60  450.80
  -223.56  -211.60  272.32
  -245.64  -258.52  430.56
  -520.72  -257.60  255.76
   
-110.40  -115.00  397.44
  -169.28  -310.04  477.48
  -96.60  -262.20  777.40
  -95.68  -271.40  409.40
  -194.12  -324.76  506.00
  -139.84  -344.08  420.44
  -103.04  -299.92  454.48
  -163.76  -349.60  276.92
  -46.92  -310.04  358.80
  -43.24  -207.00  452.64
  -51.52  -227.24  342.24
  -158.24  -345.00  488.52
  -149.96  -345.92  491.28
  -73.60  -261.28  452.64
  -31.28  -330.28  434.24
  -67.16  -254.84  489.44
  -88.32  -222.64  511.52
  -38.64  -321.08  584.20
  -116.84  -336.72  441.60
  -148.12  -327.52  462.76
  -61.64  -427.80  494.96
  7.36  -236.44  316.48
  -34.04  -290.72  472.88
  -95.68  -319.24  471.96
   
-34.04  -115.00  398.36
  -99.36  -309.12  480.24
  -27.60  -264.96  779.24
  -34.96  -270.48  410.32
  -127.88  -328.44  506.92
  -80.04  -343.16  421.36
  -43.24  -299.92  456.32
  -102.12  -349.60  278.76
  10.12  -311.88  358.80
  11.04  -209.76  450.80
  11.96  -230.00  343.16
  -92.92  -341.32  488.52
  -80.96  -345.00  491.28
  -9.20  -260.36  448.04
  33.12  -325.68  435.16
  -1.84  -252.08  489.44
  -25.76  -224.48  508.76
  26.68  -321.08  585.12
  -53.36  -329.36  437.92
  -78.20  -319.24  461.84
  18.40  -420.44  490.36
  88.32  -224.48  314.64
  36.80  -279.68  475.64
  -24.84  -304.52  471.04
   
93.84  -59.80  391.00
  28.52  -254.84  473.80
  -27.60  -264.96  779.24
  101.20  -210.68  397.44
  24.84  -266.80  497.72
  72.68  -276.92  411.24
  119.60  -240.12  436.08
  63.48  -296.24  261.28
  180.32  -254.84  343.16
  178.48  -148.12  432.40
  201.48  -169.28  320.16
  92.00  -285.20  458.16
  101.20  -293.48  469.20
  172.04  -207.00  411.24
  207.92  -266.80  406.64
  183.08  -193.20  456.32
  178.48  -187.68  459.08
  229.08  -266.80  539.12
  146.28  -267.72  380.88
  131.56  -264.96  417.68
  218.04  -369.84  425.96
  292.56  -170.20  268.64
  255.76  -231.84  420.44
  -24.84  -304.52  471.04
   
327.52  -14.72  282.44
  262.20  -223.56  334.88
  336.72  -174.80  637.56
  101.20  -210.68  397.44
  258.52  -239.20  348.68
  317.40  -241.04  259.44
  318.32  -214.36  297.16
  302.68  -270.48  92.00
  417.68  -221.72  200.56
  398.36  -101.20  277.84
  438.84  -142.60  180.32
  326.60  -253.92  264.04
  333.96  -261.28  282.44
  396.52  -184.92  211.60
  451.72  -239.20  194.12
  425.04  -161.92  216.20
  396.52  -203.32  218.96
  449.88  -247.48  309.12
  369.84  -253.92  98.44
  377.20  -256.68  161.92
  434.24  -364.32  149.04
  526.24  -161.00  37.72
  486.68  -234.60  141.68
  411.24  -235.52  89.24
   
474.72  -27.60  -32.20
  398.36  -252.08  -28.52
  472.88  -193.20  279.68
  440.68  -191.36  -69.92
  373.52  -257.60  6.44
  429.64  -258.52  -80.96
  433.32  -244.72  -58.88
  395.60  -302.68  -236.44
  496.80  -234.60  -69.92
  469.20  -96.60  -15.64
  519.80  -174.80  -108.56
  389.16  -276.00  -66.24
  393.76  -270.48  -68.08
  447.12  -214.36  -103.04
  481.16  -264.04  -80.04
  451.72  -188.60  -91.08
  406.64  -255.76  -80.96
  449.88  -247.48  309.12
  360.64  -296.24  -187.68
  386.40  -293.48  -135.24
  412.16  -402.04  -159.16
  521.64  -205.16  -204.24
  482.08  -281.52  -128.80
  382.72  -279.68  -169.28
   
388.24  -80.96  -218.04
  299.92  -322.00  -276.00
  379.04  -254.84  36.80
  345.00  -246.56  -284.28
  269.56  -311.88  -233.68
  322.00  -312.80  -314.64
  333.04  -299.00  -292.56
  280.60  -360.64  -470.12
  391.00  -276.00  -251.16
  345.00  -128.80  -208.84
  392.84  -230.00  -280.60
  266.80  -330.28  -290.72
  267.72  -299.92  -283.36
  303.60  -266.80  -324.76
  352.36  -315.56  -267.72
  323.84  -240.12  -301.76
  247.48  -303.60  -300.84
  335.80  -298.08  -216.20
  199.64  -352.36  -399.28
  225.40  -331.20  -349.60
  240.12  -433.32  -359.72
  369.84  -245.64  -378.12
  307.28  -313.72  -352.36
  191.36  -312.80  -379.04
   
162.84  -88.32  -363.40
  80.96  -330.28  -441.60
  171.12  -255.76  -124.20
  131.56  -251.16  -436.08
  57.96  -308.20  -391.00
  104.88  -306.36  -462.76
  125.12  -295.32  -453.56
  71.76  -349.60  -620.08
  162.84  -259.44  -375.36
  144.44  -100.28  -319.24
  168.36  -208.84  -396.52
  47.84  -308.20  -435.16
  54.28  -263.12  -415.84
  91.08  -242.88  -441.60
  145.36  -294.40  -380.88
  94.76  -219.88  -435.16
  44.16  -268.64  -410.32
  120.52  -258.52  -341.32
  -12.88  -335.80  -501.40
  25.76  -306.36  -454.48
  43.24  -414.00  -447.12
  170.20  -228.16  -466.44
  132.48  -291.64  -440.68
  15.64  -291.64  -454.48
   
134.32  -23.00  -385.48
  61.64  -276.00  -467.36
  150.88  -193.20  -149.04
  115.92  -191.36  -455.40
  43.24  -242.88  -414.00
  104.88  -306.36  -462.76
  116.84  -232.76  -471.96
  71.76  -286.12  -633.88
  170.20  -190.44  -386.40
  144.44  -100.28  -319.24
  178.48  -132.48  -405.72
  61.64  -235.52  -444.36
  75.44  -187.68  -421.36
  116.84  -171.12  -449.88
  171.12  -217.12  -387.32
  125.12  -138.00  -442.52
  80.96  -190.44  -422.28
  148.12  -176.64  -347.76
  15.64  -255.76  -511.52
  51.52  -231.84  -464.60
  74.52  -338.56  -456.32
  191.36  -153.64  -475.64
  149.96  -221.72  -456.32
  28.52  -218.04  -464.60
   
90.16  35.88  -404.80
  61.64  -276.00  -467.36
  106.72  -133.40  -172.04
  69.00  -136.16  -472.88
  0.00  -180.32  -430.56
  46.92  -190.44  -497.72
  76.36  -179.40  -492.20
  36.80  -230.00  -654.12
  126.96  -130.64  -401.12
  110.40  36.80  -333.96
  137.08  -75.44  -416.76
  25.76  -184.00  -461.84
  75.44  -187.68  -421.36
  90.16  -123.28  -465.52
  139.84  -168.36  -398.36
  97.52  -83.72  -452.64
  58.88  -131.56  -437.92
  132.48  -115.92  -352.36
  -7.36  -195.04  -522.56
  41.40  -168.36  -471.96
  74.52  -338.56  -456.32
  184.00  -89.24  -483.00
  149.96  -157.32  -461.84
  18.40  -151.80  -471.04
   
78.20  74.52  -404.80
  6.44  -163.76  -496.80
  97.52  -94.76  -174.80
  62.56  -101.20  -476.56
  -5.52  -141.68  -434.24
  43.24  -150.88  -501.40
  71.76  -143.52  -496.80
  33.12  -197.80  -655.96
  121.44  -99.36  -402.04
  110.40  72.68  -333.96
  140.76  -34.04  -417.68
  23.00  -150.88  -462.76
  46.92  -98.44  -428.72
  91.08  -90.16  -464.60
  147.20  -135.24  -398.36
  106.72  -45.08  -449.88
  69.00  -100.28  -438.84
  139.84  -76.36  -350.52
  -4.60  -153.64  -520.72
  50.60  -139.84  -471.96
  64.40  -236.44  -461.84
  187.68  -52.44  -484.84
  156.40  -119.60  -459.08
  20.24  -107.64  -469.20
   
102.12  119.60  -400.20
  23.00  -116.84  -488.52
  97.52  -94.76  -174.80
  81.88  -59.80  -468.28
  7.36  -103.96  -431.48
  58.88  -110.40  -494.96
  91.08  -109.48  -490.36
  42.32  -164.68  -651.36
  140.76  -71.76  -396.52
  120.52  99.36  -327.52
  157.32  -16.56  -412.16
  41.40  -133.40  -457.24
  62.56  -83.72  -424.12
  105.80  -76.36  -457.24
  161.92  -121.44  -394.68
  117.76  -34.04  -447.12
  81.88  -93.84  -436.08
  153.64  -73.60  -345.00
  13.80  -154.56  -517.04
  67.16  -133.40  -467.36
  84.64  -241.04  -457.24
  204.24  -58.88  -480.24
  172.04  -133.40  -455.40
  48.76  -129.72  -462.76
   
121.44  -23.00  -391.92
  44.16  -259.44  -474.72
  135.24  -195.04  -155.48
  81.88  -59.80  -468.28
  29.44  -249.32  -414.92
  83.72  -273.24  -476.56
  120.52  -268.64  -465.52
  74.52  -336.72  -621.00
  172.96  -245.64  -379.96
  149.96  -77.28  -321.08
  186.76  -199.64  -392.84
  75.44  -311.88  -426.88
  87.40  -264.04  -405.72
  135.24  -252.08  -425.96
  199.64  -307.28  -364.32
  157.32  -230.92  -408.48
  115.92  -303.60  -378.12
  153.64  -73.60  -345.00
  68.08  -366.16  -466.44
  108.56  -342.24  -415.84
  131.56  -442.52  -413.08
  264.04  -275.08  -424.12
  226.32  -345.92  -387.32
  115.92  -346.84  -402.96
   
190.44  -231.84  -297.16
  115.00  -470.12  -356.04
  197.80  -406.64  -33.12
  173.88  -391.00  -347.76
  93.84  -459.08  -296.24
  144.44  -454.48  -367.08
  172.96  -448.04  -343.16
  127.88  -504.16  -505.08
  226.32  -423.20  -293.48
  209.76  -272.32  -238.28
  244.72  -379.96  -301.76
  130.64  -479.32  -309.12
  87.40  -264.04  -405.72
  188.60  -417.68  -307.28
  247.48  -473.80  -252.08
  157.32  -230.92  -408.48
  142.60  -457.24  -257.60
  218.96  -462.76  -201.48
  110.40  -523.48  -347.76
  137.08  -498.64  -300.84
  162.84  -600.76  -293.48
  285.20  -423.20  -327.52
  237.36  -490.36  -274.16
  137.08  -499.56  -290.72
   
144.44  -377.20  -183.08
  115.00  -470.12  -356.04
  143.52  -549.24  115.92
  122.36  -534.52  -208.84
  37.72  -609.96  -149.96
  72.68  -609.96  -203.32
  103.04  -601.68  -172.04
  55.20  -660.56  -332.12
  143.52  -589.72  -156.40
  131.56  -451.72  -103.04
  244.72  -379.96  -301.76
  43.24  -636.64  -142.60
  41.40  -603.52  -141.68
  95.68  -560.28  -142.60
  156.40  -620.08  -105.80
  118.68  -562.12  -126.96
  42.32  -591.56  -82.80
  123.28  -619.16  -40.48
  26.68  -673.44  -173.88
  30.36  -645.84  -130.64
  69.92  -740.60  -119.60
  184.92  -561.20  -184.92
  132.48  -625.60  -101.20
  46.92  -634.80  -126.04
   
104.88  -448.04  -55.20
  34.04  -668.84  -48.76
  110.40  -599.84  258.52
  97.52  -581.44  -70.84
  5.52  -663.32  0.00
  57.96  -650.44  -75.44
  92.92  -634.80  -30.36
  35.88  -685.40  -204.24
  139.84  -622.84  -48.76
  130.64  -496.80  10.12
  149.96  -578.68  -52.44
  39.56  -668.84  -4.60
  35.88  -640.32  -11.04
  93.84  -582.36  -12.88
  153.64  -645.84  14.72
  115.00  -590.64  4.60
  42.32  -608.12  60.72
  119.60  -655.04  98.44
  36.80  -690.92  -33.12
  26.68  -667.00  4.60
  77.28  -760.84  14.72
  184.92  -576.84  -72.68
  127.88  -637.56  34.96
  49.68  -654.12  10.12
   
131.56  -385.48  184.00
  63.48  -552.92  291.64
  134.32  -488.52  597.08
  126.04  -472.88  242.88
  31.28  -541.88  340.40
  80.04  -527.16  262.20
  107.64  -507.84  292.56
  52.44  -560.28  118.68
  161.92  -508.76  223.56
  158.24  -396.52  297.16
  170.20  -444.36  215.28
  57.04  -540.96  327.52
  58.88  -540.96  322.00
  128.80  -454.48  291.64
  178.48  -513.36  293.48
  148.12  -458.16  323.84
  98.44  -452.64  364.32
  161.00  -530.84  420.44
  90.16  -533.60  279.68
  65.32  -518.88  316.48
  77.28  -760.84  14.72
  217.12  -429.64  188.60
  166.52  -483.92  334.88
  98.44  -502.32  318.32
   
137.08  -221.72  322.92
  65.32  -422.28  401.12
  135.24  -364.32  701.96
  123.28  -350.52  341.32
  28.52  -425.96  434.24
  80.04  -414.92  355.12
  107.64  -507.84  292.56
  48.76  -431.48  218.04
  161.92  -508.76  223.56
  159.16  -275.08  391.00
  168.36  -302.68  295.32
  53.36  -405.72  431.48
  57.04  -400.20  441.60
  126.04  -309.12  396.52
  165.60  -362.48  391.92
  128.80  -302.68  441.60
  99.36  -280.60  469.20
  149.96  -356.04  546.48
  70.84  -365.24  395.60
  46.00  -343.16  432.40
  125.12  -452.64  451.72
  192.28  -249.32  290.72
  147.20  -301.76  448.96
  78.20  -337.64  435.16
   
195.96  -106.72  348.68
  117.76  -313.72  425.04
  195.96  -262.20  722.20
  185.84  -249.32  344.08
  122.36  -317.40  440.68
  185.84  -309.12  348.68
  200.56  -278.76  385.48
  145.36  -341.32  210.68
  276.92  -285.20  297.16
  276.92  -172.96  373.52
  313.72  -193.20  269.56
  53.36  -405.72  431.48
  201.48  -315.56  403.88
  270.48  -223.56  345.92
  311.88  -272.32  345.92
  281.52  -211.60  386.40
  276.92  -203.32  391.00
  319.24  -280.60  477.48
  245.64  -271.40  302.68
  252.08  -262.20  341.32
  310.96  -377.20  351.44
  400.20  -167.44  203.32
  358.80  -230.92  346.84
  293.48  -246.56  318.32
   
433.32  -12.88  158.24
  117.76  -313.72  425.04
  431.48  -179.40  494.04
  402.96  -172.04  147.20
  333.96  -241.96  230.92
  396.52  -241.96  128.80
  404.80  -217.12  145.36
  366.16  -278.76  -26.68
  486.68  -214.36  90.16
  461.84  -89.24  160.08
  512.44  -139.84  69.00
  53.36  -405.72  431.48
  390.08  -252.08  160.08
  448.04  -181.24  92.00
  484.84  -224.48  115.92
  460.92  -153.64  107.64
  427.80  -198.72  116.84
  491.28  -230.92  195.96
  393.76  -240.12  0.00
  410.32  -238.28  48.76
  456.32  -343.16  38.64
  549.24  -138.92  -40.48
  509.68  -218.96  67.16
  422.28  -212.52  5.52
   
474.72  57.04  -89.24
  397.44  -173.88  -108.56
  472.88  -112.24  206.08
  402.96  -172.04  147.20
  372.60  -163.76  -63.48
  429.64  -168.36  -141.68
  428.72  -146.28  -126.04
  397.44  -207.92  -287.96
  500.48  -127.88  -111.32
  471.04  18.40  -42.32
  527.16  -57.04  -127.88
  391.92  -164.68  -98.44
  405.72  -156.40  -74.52
  454.48  -106.72  -130.64
  491.28  -149.96  -80.04
  461.84  -70.84  -91.08
  429.64  -132.48  -88.32
  494.96  -143.52  9.20
  379.96  -169.28  -175.72
  408.48  -167.44  -109.48
  446.20  -282.44  -113.16
  546.48  -79.12  -172.96
  512.44  -162.84  -83.72
  414.00  -157.32  -115.00
   
467.36  64.40  -111.32
  390.08  -168.36  -142.60
  464.60  -107.64  174.80
  431.48  -102.12  -154.56
  364.32  -160.08  -92.92
  424.12  -165.60  -171.12
  423.20  -149.04  -149.04
  397.44  -207.92  -287.96
  493.12  -126.96  -129.72
  462.76  20.24  -64.40
  518.88  -57.04  -148.12
  386.40  -172.04  -120.52
  398.36  -161.92  -98.44
  454.48  -106.72  -130.64
  485.76  -154.56  -100.28
  455.40  -79.12  -117.76
  429.64  -132.48  -88.32
  486.68  -152.72  -19.32
  370.76  -185.84  -198.72
  408.48  -167.44  -109.48
  439.76  -288.88  -137.08
  539.12  -88.32  -192.28
  504.16  -163.76  -110.40
  406.64  -150.88  -138.92
   
403.88  224.48  -186.76
  328.44  -11.04  -237.36
  404.80  61.64  81.88
  360.64  61.64  -241.04
  298.08  23.92  -184.00
  356.04  26.68  -266.80
  354.20  32.20  -243.80
  316.48  -15.64  -413.08
  402.96  80.96  -206.08
  373.52  237.36  -130.64
  427.80  159.16  -226.32
  277.84  58.88  -226.32
  301.76  79.12  -188.60
  338.56  124.20  -253.92
  485.76  -154.56  -100.28
  328.44  188.60  -221.72
  317.40  118.68  -233.68
  365.24  138.92  -118.68
  224.48  100.28  -308.20
  280.60  99.36  -243.80
  307.28  -12.88  -246.56
  395.60  208.84  -287.04
  380.88  122.36  -230.92
  256.68  138.92  -242.88
   
275.08  402.04  -205.16
  195.04  172.96  -269.56
  283.36  237.36  59.80
  236.44  224.48  -257.60
  161.92  207.00  -200.56
  222.64  184.00  -273.24
  231.84  200.56  -260.36
  316.48  -15.64  -413.08
  284.28  230.00  -204.24
  253.00  394.68  -117.76
  286.12  330.28  -228.16
  157.32  201.48  -218.96
  185.84  223.56  -174.80
  226.32  257.60  -241.96
  253.92  222.64  -182.16
  214.36  324.76  -207.00
  216.20  264.04  -230.92
  263.12  269.56  -105.80
  114.08  219.88  -296.24
  162.84  230.92  -226.32
  190.44  124.20  -221.72
  280.60  323.84  -276.00
  260.36  258.52  -216.20
  136.16  261.28  -218.04
   
275.08  402.04  -205.16
  28.52  335.80  -171.12
  112.24  397.44  165.60
  72.68  363.40  -156.40
  -0.92  354.20  -99.36
  56.12  327.52  -170.20
  69.00  347.76  -153.64
  12.88  301.76  -331.20
  118.68  368.92  -112.24
  84.64  524.40  -2.76
  103.04  475.64  -134.32
  -23.00  333.96  -97.52
  12.88  355.12  -52.44
  52.44  384.56  -117.76
  77.28  349.60  -73.60
  31.28  455.40  -85.56
  48.76  425.96  -105.80
  82.80  410.32  28.52
  -68.08  355.12  -163.76
  -19.32  359.72  -106.72
  19.32  242.88  -92.92
  102.12  437.92  -177.56
  91.08  377.20  -106.72
  -40.48  373.52  -93.84
   
8.28  586.96  -74.52
  -63.48  372.60  -124.20
  31.28  426.88  211.60
  -4.60  388.24  -115.00
  -82.80  387.32  -57.04
  -28.52  356.04  -124.20
  3.68  371.68  -115.00
  -61.64  327.52  -292.56
  46.92  391.00  -78.20
  34.96  538.20  26.68
  45.08  494.96  -109.48
  -72.68  348.68  -72.68
  -37.72  371.68  -20.24
  9.20  397.44  -97.52
  42.32  358.80  -59.80
  -6.44  463.68  -70.84
  16.56  436.08  -94.76
  53.36  415.84  40.48
  -100.28  361.56  -156.40
  -47.84  364.32  -104.88
  -5.52  247.48  -91.08
  76.36  441.60  -181.24
  63.48  380.88  -114.08
  -63.48  375.36  -99.36
   
-45.08  583.28  -99.36
  -130.64  368.92  -151.80
  -27.60  426.88  182.16
  -62.56  385.48  -142.60
  -149.04  386.40  -85.56
  -93.84  355.12  -156.40
  -59.80  367.08  -152.72
  -128.80  318.32  -326.60
  -23.92  385.48  -108.56
  -36.80  534.52  0.00
  -31.28  487.60  -138.00
  -148.12  340.40  -110.40
  -115.92  372.60  -58.88
  -69.00  390.08  -128.80
  -34.96  350.52  -92.92
  -92.92  460.00  -101.20
  -66.24  436.08  -125.12
  -34.96  415.84  7.36
  -187.68  352.36  -182.16
  -143.52  357.88  -138.92
  -104.88  242.88  -118.68
  -16.56  433.32  -206.08
  -29.44  377.20  -146.28
  -163.76  365.24  -126.96
   
-166.52  580.52  -73.60
  -241.96  367.08  -115.00
  -151.80  425.04  225.40
  -178.48  380.88  -105.80
  -273.24  381.80  -34.04
  -227.24  349.60  -99.36
  -181.24  368.92  -100.28
  -254.84  321.08  -263.12
  -147.20  381.80  -53.36
  -149.96  527.16  63.48
  -161.92  484.84  -80.96
  -267.72  335.80  -42.32
  -232.76  367.08  15.64
  -185.84  388.24  -55.20
  -151.80  345.92  -31.28
  -207.92  452.64  -25.76
  -181.24  444.36  -56.12
  -147.20  411.24  81.88
  -300.84  346.84  -110.40
  -258.52  352.36  -80.96
  -210.68  239.20  -48.76
  -130.64  426.88  -150.88
  -139.84  378.12  -86.48
  -266.80  357.88  -64.40
   
-257.60  552.92  -80.04
  -319.24  342.24  -107.64
  -228.16  398.36  223.56
  -261.28  350.52  -103.96
  -359.72  350.52  -47.84
  -306.36  320.16  -115.00
  -261.28  333.96  -116.84
  -334.88  284.28  -289.80
  -230.92  349.60  -78.20
  -231.84  491.28  36.80
  -249.32  445.28  -110.40
  -355.12  299.00  -76.36
  -316.48  334.88  -20.24
  -266.80  350.52  -84.64
  -235.52  305.44  -61.64
  -291.64  407.56  -60.72
  -268.64  410.32  -80.96
  -230.00  376.28  48.76
  -384.56  303.60  -128.80
  -344.08  320.16  -101.20
  -292.56  206.08  -66.24
  -213.44  389.16  -169.28
  -226.32  344.08  -105.80
  -346.84  320.16  -77.28
   
-304.52  540.96  -30.36
  -368.00  330.28  -60.72
  -272.32  386.40  265.88
  -298.08  339.48  -60.72
  -387.32  345.00  -2.76
  -338.56  314.64  -68.08
  -287.04  332.12  -68.08
  -355.12  285.20  -243.80
  -252.08  345.92  -36.80
  -242.88  486.68  78.20
  -266.80  448.96  -67.16
  -368.92  301.76  -19.32
  -329.36  333.04  35.88
  -278.76  356.96  -30.36
  -244.72  310.96  -9.20
  -297.16  412.16  -1.84
  -273.24  425.04  -22.08
  -238.28  379.96  112.24
  -390.08  311.88  -66.24
  -356.04  325.68  -37.72
  -297.16  208.84  0.00
  -223.56  396.52  -108.56
  -240.12  355.12  -34.04
  -346.84  320.16  -77.28
   
-294.40  548.32  0.92
  -356.04  341.32  -23.92
  -258.52  395.60  305.44
  -286.12  349.60  -26.68
  -373.52  353.28  34.96
  -322.92  322.92  -32.20
  -274.16  342.24  -25.76
  -345.00  294.40  -207.92
  -252.08  345.92  -36.80
  -242.88  486.68  78.20
  -248.40  459.08  -28.52
  -350.52  312.80  44.16
  -309.12  339.48  95.68
  -253.92  367.08  39.56
  -226.32  322.92  51.52
  -275.08  425.04  67.16
  -244.72  439.76  60.72
  -211.60  387.32  185.84
  -355.12  329.36  20.24
  -328.44  340.40  49.68
  -257.60  222.64  87.40
  -192.28  411.24  -40.48
  -205.16  367.08  50.60
  -311.88  343.16  75.44
   
-195.96  575.00  93.84
  -258.52  371.68  91.08
  -164.68  422.28  419.52
  -186.76  377.20  83.72
  -273.24  377.20  148.12
  -216.20  345.00  84.64
  -173.88  365.24  93.84
  -242.88  319.24  -88.32
  -134.32  372.60  97.52
  -128.80  501.40  212.52
  -140.76  481.16  67.16
  -248.40  329.36  149.96
  -215.28  345.00  195.04
  -154.56  383.64  126.96
  -128.80  338.56  140.76
  -174.80  444.36  158.24
  -139.84  450.80  147.20
  -111.32  392.84  276.00
  -251.16  347.76  100.28
  -224.48  353.28  132.48
  -158.24  238.28  157.32
  -92.00  430.56  23.92
  -102.12  379.96  132.48
  -218.04  361.56  139.84
   
-126.96  572.24  141.68
  -195.04  368.92  146.28
  -103.96  416.76  471.96
  -115.00  374.44  130.64
  -201.48  371.68  203.32
  -146.28  342.24  130.64
  -109.48  364.32  138.92
  -171.12  316.48  -40.48
  -57.96  368.92  134.32
  -42.32  495.88  248.40
  -44.16  479.32  102.12
  -155.48  331.20  190.44
  -105.80  339.48  235.52
  -46.92  384.56  156.40
  -8.28  342.24  170.20
  -54.28  445.28  194.12
  -31.28  442.52  172.04
  3.68  386.40  305.44
  -119.60  350.52  116.84
  -74.52  350.52  159.16
  -14.72  235.52  176.64
  56.12  425.96  49.68
  63.48  370.76  159.16
  -37.72  355.12  164.68
   
145.36  529.00  147.20
  75.44  320.16  159.16
  173.88  362.48  483.00
  138.92  333.04  137.08
  65.32  312.80  219.88
  132.48  279.68  144.44
  -109.48  364.32  138.92
  103.04  252.08  -15.64
  210.68  303.60  146.28
  194.12  432.40  250.24
  221.72  403.88  117.76
  100.28  262.20  213.44
  131.56  259.44  255.76
  191.36  311.88  173.88
  218.96  267.72  193.20
  180.32  367.08  218.96
  203.32  338.56  194.12
  3.68  386.40  305.44
  116.84  271.40  126.96
  152.72  262.20  181.24
  222.64  137.08  180.32
  298.08  336.72  57.04
  268.64  276.92  178.48
  191.36  259.44  155.48
   
145.36  529.00  147.20
  299.92  158.24  66.24
  380.88  209.76  389.16
  347.76  190.44  38.64
  65.32  312.80  219.88
  350.52  121.44  31.28
  356.96  137.08  49.68
  320.16  81.88  -122.36
  429.64  143.52  43.24
  408.48  276.92  130.64
  454.48  228.16  15.64
  325.68  95.68  90.16
  345.92  89.24  121.44
  399.28  147.20  43.24
  431.48  99.36  81.88
  395.60  193.20  91.08
  394.68  138.00  73.60
  438.84  114.08  191.36
  328.44  79.12  -10.12
  361.56  70.84  57.04
  408.48  -43.24  46.92
  494.04  157.32  -41.40
  268.64  276.92  178.48
  368.00  81.88  35.88
   
440.68  268.64  -71.76
  358.80  44.16  -92.92
  439.76  93.84  210.68
  347.76  190.44  38.64
  334.88  35.88  -70.84
  396.52  27.60  -131.56
  397.44  38.64  -139.84
  356.04  -17.48  -321.08
  461.84  54.28  -126.04
  429.64  207.92  -48.76
  484.84  129.72  -163.76
  348.68  11.04  -130.64
  365.24  23.92  -104.88
  409.40  61.64  -180.32
  439.76  14.72  -138.00
  395.60  193.20  91.08
  387.32  38.64  -164.68
  435.16  34.04  -76.36
  307.28  -10.12  -269.56
  346.84  -11.96  -220.80
  374.44  -123.28  -226.32
  472.88  70.84  -276.92
  448.96  -8.28  -221.72
  325.68  -4.60  -253.92
   
316.48  207.92  -296.24
  212.52  -15.64  -379.96
  305.44  48.76  -53.36
  264.04  40.48  -368.00
  188.60  7.36  -319.24
  241.04  -5.52  -394.68
  245.64  12.88  -388.24
  201.48  -39.56  -552.00
  299.00  50.60  -313.72
  262.20  223.56  -241.96
  300.84  135.24  -337.64
  179.40  11.96  -357.88
  198.72  51.52  -322.92
  234.60  73.60  -374.44
  274.16  34.04  -315.56
  228.16  130.64  -355.12
  207.00  60.72  -362.48
  268.64  79.12  -256.68
  122.36  12.88  -443.44
  181.24  24.84  -380.88
  201.48  -86.48  -379.96
  312.80  98.44  -409.40
  288.88  27.60  -375.36
  161.92  19.32  -392.84
   
145.36  232.76  -374.44
  52.44  -1.84  -463.68
  149.96  68.08  -138.00
  95.68  49.68  -445.28
  8.28  23.00  -409.40
  74.52  5.52  -472.88
  96.60  11.96  -471.96
  39.56  -38.64  -632.96
  136.16  52.44  -376.28
  108.56  222.64  -300.84
  127.88  116.84  -401.12
  11.96  -5.52  -441.60
  32.20  39.56  -402.96
  76.36  47.84  -446.20
  123.28  -1.84  -385.48
  73.60  94.76  -434.24
  50.60  28.52  -435.16
  115.92  43.24  -336.72
  -32.20  -36.80  -513.36
  24.84  -20.24  -463.68
  201.48  -86.48  -379.96
  165.60  48.76  -475.64
  145.36  -20.24  -454.48
  17.48  -23.00  -456.32
   
70.84  199.64  -398.36
  -10.12  -37.72  -490.36
  89.24  34.04  -165.60
  53.36  18.40  -465.52
  -23.00  -15.64  -425.04
  31.28  -28.52  -490.36
  96.60  11.96  -471.96
  9.20  -69.92  -648.60
  108.56  23.00  -392.84
  89.24  192.28  -317.40
  117.76  88.32  -413.08
  2.76  -34.96  -453.56
  26.68  11.04  -416.76
  76.36  8.28  -456.32
  118.68  -29.44  -395.60
  79.12  55.20  -442.52
  50.60  7.36  -441.60
  120.52  13.80  -343.16
  -24.84  -66.24  -517.96
  24.84  -20.24  -463.68
  58.88  -158.24  -458.16
  165.60  48.76  -475.64
  156.40  -45.08  -459.08
  30.36  -47.84  -460.92
   
114.08  160.08  -399.28
  -10.12  -37.72  -490.36
  127.88  -9.20  -163.76
  91.08  -18.40  -462.76
  22.08  -54.28  -419.52
  71.76  -69.92  -483.92
  73.60  -54.28  -475.64
  51.52  -110.40  -643.08
  150.88  -11.04  -391.92
  126.96  156.40  -321.08
  159.16  52.44  -408.48
  39.56  -62.56  -451.72
  59.80  -13.80  -414.00
  70.84  8.28  -456.32
  140.76  -45.08  -390.08
  103.04  44.16  -437.92
  77.28  -11.04  -438.84
  141.68  4.60  -345.00
  -6.44  -76.36  -519.80
  49.68  -54.28  -466.44
  68.08  -163.76  -455.40
  185.84  17.48  -477.48
  160.08  -48.76  -457.24
  32.20  -50.60  -459.08
   
106.72  171.12  -401.12
  31.28  -71.76  -485.76
  123.28  0.00  -161.92
  87.40  -14.72  -466.44
  15.64  -41.40  -421.36
  64.40  -51.52  -484.84
  89.24  -45.08  -475.64
  44.16  -91.08  -643.08
  145.36  2.76  -390.08
  120.52  176.64  -317.40
  152.72  69.92  -409.40
  32.20  -43.24  -448.04
  57.04  5.52  -412.16
  94.76  15.64  -451.72
  139.84  -29.44  -388.24
  97.52  64.40  -436.08
  76.36  10.12  -438.84
  136.16  26.68  -340.40
  -8.28  -55.20  -515.20
  46.92  -33.12  -464.60
  65.32  -144.44  -455.40
  182.16  38.64  -473.80
  160.08  -48.76  -457.24
  29.44  -32.20  -456.32