0.00  -471.04  -941.16
  0.00  -471.04  -934.72
  0.00  -353.28  -941.16
  7.36  -353.28  -941.16
  7.36  -471.04  -941.16
  0.00  -353.28  -933.80
  7.36  -351.44  -933.80
  0.92  -470.12  -942.08
  0.00  -471.04  -942.08
  0.00  -471.04  -938.40
  58.88  -471.04  -942.08
  -58.88  -471.04  -942.08
  -58.88  -471.04  -942.08
  0.00  -471.04  -939.32
  58.88  -471.04  -942.08
  0.00  -471.04  -942.08
  0.00  -471.04  -942.08
  16.56  -471.04  -940.24
  1.84  -412.16  -940.24
  0.92  -412.16  -940.24
  1.84  -471.04  -940.24
  17.48  -412.16  -942.08
  2.76  -412.16  -940.24
  0.00  -471.04  -942.08
   
0.00  -471.04  -940.24
  0.00  -469.20  -932.88
  1.84  -353.28  -940.24
  9.20  -351.44  -940.24
  9.20  -471.04  -942.08
  1.84  -469.20  -934.72
  8.28  -353.28  -934.72
  0.00  -469.20  -942.08
  1.84  -469.20  -940.24
  0.00  -471.04  -942.08
  59.80  -469.20  -897.92
  -57.96  -471.04  -942.08
  -57.96  -470.12  -926.44
  0.92  -470.12  -942.08
  59.80  -470.12  -941.16
  0.00  -469.20  -942.08
  0.00  -471.04  -940.24
  14.72  -469.20  -942.08
  3.68  -412.16  -940.24
  0.92  -412.16  -942.08
  0.92  -471.04  -942.08
  15.64  -412.16  -942.08
  0.00  -402.96  -940.24
  0.00  -469.20  -940.24
   
0.00  -471.04  -942.08
  0.00  -471.04  -934.72
  0.92  -353.28  -940.24
  7.36  -352.36  -934.72
  7.36  -471.04  -942.08
  0.00  -469.20  -940.24
  7.36  -351.44  -932.88
  3.68  -471.04  -942.08
  0.00  -471.04  -942.08
  0.00  -471.04  -938.40
  62.56  -471.04  -897.92
  -58.88  -471.04  -942.08
  -57.04  -471.04  -942.08
  0.00  -471.04  -942.08
  58.88  -470.12  -941.16
  0.00  -471.04  -942.08
  0.00  -471.04  -942.08
  14.72  -471.04  -942.08
  0.00  -412.16  -942.08
  0.00  -412.16  -942.08
  0.00  -471.04  -942.08
  18.40  -401.12  -942.08
  3.68  -404.80  -942.08
  0.00  -471.04  -942.08
   
0.00  -471.04  -471.04
  0.00  -471.04  -942.08
  0.00  -353.28  -942.08
  7.36  -353.28  -927.36
  7.36  -471.04  -942.08
  0.00  -353.28  -942.08
  7.36  -353.28  -942.08
  0.00  -470.12  -942.08
  0.00  -470.12  -942.08
  0.00  -470.12  -942.08
  58.88  -471.04  -942.08
  -58.88  -471.04  -942.08
  -58.88  -471.04  -942.08
  0.00  -471.04  -942.08
  58.88  -471.04  -942.08
  0.92  -471.04  -942.08
  0.00  -471.04  -941.16
  14.72  -471.04  -942.08
  0.00  -412.16  -940.24
  3.68  -412.16  -942.08
  1.84  -471.04  -942.08
  20.24  -412.16  -942.08
  3.68  -401.12  -942.08
  0.00  -469.20  -942.08
   
0.00  -471.04  -940.24
  0.00  -471.04  -932.88
  0.00  -352.36  -938.40
  7.36  -350.52  -938.40
  7.36  -468.28  -942.08
  0.00  -468.28  -934.72
  7.36  -353.28  -934.72
  0.00  -471.04  -941.16
  0.00  -471.04  -942.08
  0.00  -471.04  -942.08
  58.88  -471.04  -897.00
  -58.88  -471.04  -661.48
  -58.88  -471.04  -942.08
  0.00  -471.04  -942.08
  59.80  -471.04  -942.08
  0.00  -467.36  -942.08
  14.72  -467.36  -942.08
  14.72  -471.04  -942.08
  0.00  -412.16  -942.08
  3.68  -404.80  -942.08
  0.00  -471.04  -942.08
  18.40  -404.80  -942.08
  3.68  -404.80  -942.08
  0.00  -471.04  -942.08
   
0.00  -467.36  -471.04
  0.00  -467.36  -942.08
  0.00  -349.60  -471.04
  7.36  -352.36  -934.72
  7.36  -470.12  -942.08
  0.00  -470.12  -934.72
  7.36  -353.28  -942.08
  0.00  -471.04  -942.08
  0.00  -471.04  -942.08
  0.92  -471.04  -942.08
  58.88  -471.04  -896.08
  -57.96  -471.04  -659.64
  -57.96  -471.04  -926.44
  0.00  -471.04  -940.24
  58.88  -471.04  -942.08
  0.00  -471.04  -940.24
  0.00  -471.04  -942.08
  14.72  -471.04  -942.08
  0.00  -412.16  -942.08
  4.60  -412.16  -942.08
  0.92  -471.04  -942.08
  18.40  -412.16  -942.08
  3.68  -412.16  -940.24
  0.00  -471.04  -940.24
   
0.00  -471.04  -941.16
  0.00  -470.12  -933.80
  0.00  -352.36  -942.08
  8.28  -353.28  -934.72
  8.28  -470.12  -941.16
  0.00  -352.36  -934.72
  8.28  -353.28  -933.80
  0.00  -468.28  -941.16
  0.00  -471.04  -942.08
  0.00  -471.04  -942.08
  58.88  -471.04  -896.08
  -58.88  -471.04  -940.24
  -58.88  -471.04  -927.36
  0.00  -471.04  -940.24
  58.88  -471.04  -938.40
  0.00  -470.12  -942.08
  0.00  -466.44  -942.08
  15.64  -467.36  -942.08
  0.00  -408.48  -942.08
  0.00  -404.80  -942.08
  0.00  -467.36  -939.32
  18.40  -401.12  -941.16
  3.68  -401.12  -941.16
  0.00  -471.04  -942.08
   
0.00  -471.04  -941.16
  7.36  -467.36  -932.88
  0.00  -353.28  -934.72
  7.36  -353.28  -934.72
  7.36  -471.04  -938.40
  0.00  -471.04  -934.72
  7.36  -353.28  -934.72
  0.00  -471.04  -938.40
  0.00  -471.04  -942.08
  0.00  -471.04  -938.40
  58.88  -471.04  -897.92
  -58.88  -471.04  -942.08
  -58.88  -471.04  -923.68
  0.00  -471.04  -938.40
  58.88  -471.04  -942.08
  0.00  -471.04  -942.08
  16.56  -469.20  -942.08
  16.56  -471.04  -942.08
  0.92  -408.48  -940.24
  0.92  -404.80  -942.08
  1.84  -463.68  -942.08
  14.72  -404.80  -942.08
  3.68  -403.88  -942.08
  0.00  -471.04  -942.08
   
3.68  -471.04  -940.24
  3.68  -471.04  -932.88
  0.00  -353.28  -942.08
  3.68  -353.28  -940.24
  3.68  -353.28  -934.72
  3.68  -353.28  -934.72
  3.68  -353.28  -942.08
  3.68  -471.04  -942.08
  3.68  -471.04  -897.92
  3.68  -471.04  -942.08
  3.68  -471.04  -897.92
  -117.76  -471.04  -662.40
  -117.76  -471.04  -927.36
  -114.08  -471.04  -942.08
  0.00  -471.04  -897.92
  -117.76  -471.04  -942.08
  -103.04  -471.04  -942.08
  0.00  -471.04  -942.08
  -191.36  -411.24  -942.08
  -116.84  -471.04  -940.24
  -88.32  -471.04  -942.08
  0.00  -408.48  -938.40
  0.92  -471.04  -940.24
  -116.84  -467.36  -942.08
   
73.60  -408.48  -471.04
  80.96  -391.92  -938.40
  9.20  -450.80  -471.04
  0.00  -465.52  -471.04
  5.52  -408.48  -470.12
  29.44  -404.80  -942.08
  0.00  -412.16  -471.04
  0.00  -471.04  -942.08
  31.28  -471.04  -924.60
  16.56  -439.76  -927.36
  46.00  -471.04  -942.08
  66.24  -469.20  -912.64
  62.56  -469.20  -942.08
  3.68  -469.20  -912.64
  62.56  -469.20  -912.64
  3.68  -471.04  -912.64
  0.92  -441.60  -942.08
  4.60  -441.60  -912.64
  4.60  -471.04  -942.08
  3.68  -469.20  -883.20
  117.76  -942.08  -934.72
  18.40  -471.04  -939.32
  14.72  -471.04  -934.72
  119.60  -467.36  -933.80
   
3.68  -471.04  -352.36
  3.68  -912.64  -353.28
  7.36  -471.04  -353.28
  7.36  -471.04  -470.12
  7.36  -471.04  -353.28
  1.84  -456.32  -470.12
  0.00  -471.04  -353.28
  9.20  -942.08  -823.40
  71.76  -934.72  -809.60
  20.24  -942.08  -941.16
  75.44  -942.08  -809.60
  187.68  -942.08  -824.32
  191.36  -941.16  -824.32
  14.72  -941.16  -823.40
  73.60  -939.32  -824.32
  7.36  -942.08  -823.40
  7.36  -912.64  -793.96
  103.04  -937.48  -934.72
  3.68  -942.08  -470.12
  239.20  -823.40  -934.72
  235.52  -824.32  -463.68
  264.96  -823.40  -467.36
  264.96  -942.08  -462.76
  235.52  -941.16  -463.68
   
301.76  -412.16  -404.80
  235.52  -412.16  -461.84
  294.40  -471.04  1.84
  353.28  -471.04  -218.96
  235.52  -408.48  -220.80
  353.28  -408.48  -235.52
  355.12  -412.16  -235.52
  353.28  -471.04  -471.04
  0.00  -471.04  -456.32
  354.20  -467.36  -441.60
  0.00  -471.04  -471.04
  368.92  -467.36  -467.36
  353.28  -471.04  -441.60
  355.12  -469.20  -439.76
  1.84  -469.20  -432.40
  353.28  -471.04  -349.60
  353.28  -471.04  -349.60
  239.20  -441.60  -467.36
  356.96  -463.68  -471.04
  353.28  -463.68  -334.88
  356.96  -931.04  -349.60
  3.68  -460.00  -456.32
  0.00  -471.04  -338.56
  356.96  -463.68  -334.88
   
264.96  -471.04  0.00
  236.44  -942.08  118.68
  265.88  -471.04  0.00
  235.52  -883.20  117.76
  264.96  -875.84  117.76
  264.96  -883.20  117.76
  235.52  -942.08  176.64
  235.52  -883.20  0.00
  235.52  -942.08  0.00
  235.52  -809.60  0.00
  235.52  -875.84  0.00
  235.52  -522.56  0.00
  264.96  -529.92  0.00
  242.88  -942.08  58.88
  235.52  -529.92  58.88
  235.52  -942.08  0.00
  30.36  -942.08  25.76
  62.56  -934.72  14.72
  3.68  -934.72  14.72
  58.88  -942.08  7.36
  1.84  -942.08  0.00
  1.84  -942.08  0.00
  0.00  -942.08  73.60
  46.00  -942.08  14.72
   
117.76  -942.08  0.92
  0.00  -934.72  235.52
  118.68  -934.72  7.36
  117.76  -942.08  242.88
  0.92  -932.88  235.52
  0.92  -942.08  243.80
  117.76  -574.08  309.12
  0.00  -586.96  14.72
  0.00  -586.96  22.08
  0.00  -940.24  14.72
  73.60  -586.96  7.36
  58.88  -706.56  7.36
  58.88  -706.56  0.00
  0.00  -677.12  0.00
  0.00  -706.56  0.00
  14.72  -706.56  0.00
  22.08  -688.16  29.44
  0.00  -688.16  0.00
  14.72  -702.88  44.16
  14.72  -688.16  44.16
  7.36  -908.96  0.92
  1.84  -677.12  29.44
  0.00  -677.12  30.36
  1.84  -702.88  0.92
   
44.16  -704.72  -43.24
  29.44  -695.52  369.84
  29.44  -706.56  252.08
  0.00  -699.20  -189.52
  0.00  -926.44  -117.76
  0.00  -691.84  -235.52
  7.36  -706.56  -235.52
  7.36  -691.84  0.00
  1.84  -704.72  0.92
  0.00  -927.36  -467.36
  0.00  -926.44  -467.36
  -58.88  -926.44  -467.36
  -117.76  -706.56  -412.16
  -110.40  -706.56  -412.16
  7.36  -706.56  -412.16
  0.00  -706.56  -471.04
  0.00  -706.56  -471.04
  0.00  -706.56  -456.32
  0.00  -706.56  -456.32
  0.00  -699.20  -456.32
  0.00  -938.40  -471.04
  0.00  -704.72  -471.04
  0.00  -704.72  -471.04
  0.00  -704.72  -441.60
   
-117.76  -938.40  -471.04
  -117.76  -938.40  -471.04
  -117.76  -942.08  -471.04
  -117.76  -938.40  -471.04
  -235.52  -938.40  -471.04
  -117.76  -942.08  -471.04
  -115.00  -942.08  -412.16
  -233.68  -912.64  -942.08
  -233.68  -559.36  -925.52
  -235.52  -824.32  -925.52
  0.00  -677.12  -938.40
  -175.72  -586.96  -934.72
  -172.96  -581.44  -934.72
  -235.52  -938.40  -942.08
  -176.64  -583.28  -942.08
  -235.52  -927.36  -934.72
  -235.52  -920.00  -941.16
  -206.08  -927.36  -941.16
  -233.68  -890.56  -942.08
  -206.08  -942.08  -883.20
  -235.52  -942.08  -861.12
  -235.52  -942.08  -933.80
  -204.24  -934.72  -868.48
  -206.08  -942.08  -874.92
   
-235.52  -471.04  -468.28
  -235.52  -470.12  -938.40
  -235.52  -470.12  -465.52
  -233.68  -471.04  -471.04
  -174.80  -410.32  -471.04
  -176.64  -467.36  -940.24
  -235.52  -353.28  -938.40
  -172.96  -467.36  -942.08
  -161.92  -938.40  -927.36
  -158.24  -471.04  -942.08
  -132.48  -460.00  -912.64
  -230.92  -471.04  -662.40
  -216.20  -471.04  -927.36
  -172.96  -467.36  -942.08
  0.00  -471.04  -897.92
  -235.52  -471.04  -662.40
  -217.12  -467.36  -927.36
  -159.16  -471.04  -927.36
  -172.04  -471.04  -662.40
  -229.08  -471.04  -677.12
  -109.48  -471.04  -691.84
  22.08  -471.04  -691.84
  11.96  -471.04  -691.84
  -117.76  -469.20  -706.56
   
36.80  0.00  -942.08
  36.80  -235.52  -581.44
  3.68  -235.52  -699.20
  5.52  -213.44  -529.92
  0.00  -235.52  -522.56
  0.00  -228.16  -588.80
  29.44  -206.08  -529.92
  29.44  -206.08  -699.20
  58.88  -206.08  -934.72
  58.88  0.00  -942.08
  58.88  -206.08  -938.40
  -29.44  -206.08  -706.56
  -29.44  -206.08  -942.08
  0.00  -235.52  -706.56
  58.88  -206.08  -934.72
  0.00  0.00  -695.52
  0.00  14.72  -706.56
  0.00  14.72  -934.72
  29.44  29.44  -706.56
  29.44  44.16  -706.56
  29.44  0.00  -706.56
  0.00  3.68  -691.84
  29.44  4.60  -706.56
  0.00  0.92  -706.56
   
132.48  0.92  -940.24
  3.68  0.00  -908.96
  125.12  0.00  -938.40
  7.36  0.00  -467.36
  58.88  16.56  -456.32
  0.00  1.84  -927.36
  0.00  0.00  -927.36
  0.00  0.00  -927.36
  5.52  3.68  -942.08
  121.44  7.36  -942.08
  14.72  7.36  -942.08
  132.48  0.00  -942.08
  121.44  0.00  -942.08
  121.44  0.00  -942.08
  3.68  5.52  -942.08
  138.00  0.00  -942.08
  123.28  7.36  -883.20
  14.72  64.40  -883.20
  132.48  62.56  -883.20
  196.88  7.36  -942.08
  0.00  117.76  -942.08
  0.00  0.00  -942.08
  0.00  0.00  -942.08
  31.28  3.68  -938.40
   
242.88  117.76  -287.04
  250.24  119.60  -345.92
  250.24  119.60  8.28
  235.52  132.48  -345.00
  235.52  134.32  -287.04
  242.88  119.60  -345.00
  250.24  119.60  -345.00
  235.52  14.72  -462.76
  237.36  0.00  -463.68
  266.80  0.00  -471.04
  266.80  0.00  -469.20
  266.80  14.72  -471.04
  237.36  14.72  -471.04
  266.80  14.72  -471.04
  264.96  0.00  -469.20
  266.80  0.00  -471.04
  266.80  0.00  -471.04
  266.80  0.00  -471.04
  0.92  58.88  -942.08
  235.52  58.88  -462.76
  314.64  30.36  -448.96
  310.96  7.36  -456.32
  237.36  7.36  -454.48
  237.36  16.56  -471.04
   
368.92  1.84  -117.76
  358.80  0.00  -235.52
  353.28  0.92  117.76
  355.12  0.92  -235.52
  353.28  0.92  -117.76
  356.96  0.00  -235.52
  353.28  0.92  -110.40
  384.56  0.00  -345.92
  29.44  58.88  -345.92
  1.84  58.88  0.00
  0.00  0.00  -342.24
  353.28  0.00  -345.92
  353.28  0.00  -349.60
  362.48  3.68  -345.00
  0.00  7.36  -353.28
  0.00  3.68  -349.60
  0.00  3.68  -294.40
  0.00  0.00  73.60
  1.84  62.56  -353.28
  0.00  77.28  -279.68
  0.00  18.40  -271.40
  7.36  0.00  -231.84
  8.28  0.00  -209.76
  0.00  1.84  0.00
   
0.00  2.76  68.08
  1.84  -233.68  66.24
  3.68  -232.76  9.20
  1.84  -235.52  9.20
  1.84  -235.52  47.84
  16.56  -206.08  66.24
  7.36  -206.08  0.00
  9.20  -441.60  0.00
  16.56  -441.60  58.88
  14.72  -471.04  58.88
  7.36  -441.60  73.60
  353.28  -471.04  117.76
  360.64  -471.04  117.76
  353.28  -470.12  0.00
  0.00  -470.12  0.00
  353.28  -470.12  0.00
  353.28  -470.12  0.00
  0.00  -471.04  0.00
  353.28  -470.12  0.00
  353.28  -466.44  14.72
  353.28  -467.36  44.16
  0.00  -456.32  0.00
  323.84  -471.04  0.00
  235.52  -467.36  0.00
   
264.96  -470.12  239.20
  252.08  -460.00  235.52
  0.00  -469.20  235.52
  235.52  -439.76  235.52
  0.00  -471.04  235.52
  252.08  -469.20  235.52
  235.52  -469.20  235.52
  0.00  -471.04  0.00
  0.00  -471.04  16.56
  0.00  -471.04  46.00
  0.00  -471.04  1.84
  176.64  -441.60  14.72
  176.64  -441.60  14.72
  0.00  -441.60  29.44
  0.00  -927.36  30.36
  14.72  -924.60  0.00
  0.92  -881.36  117.76
  0.00  -942.08  117.76
  121.44  -927.36  0.00
  121.44  -938.40  0.00
  62.56  -927.36  36.80
  3.68  -927.36  29.44
  73.60  -927.36  36.80
  16.56  -572.24  0.00
   
14.72  -705.64  29.44
  14.72  -705.64  213.44
  0.00  -706.56  58.88
  0.00  -706.56  132.48
  14.72  -706.56  0.00
  0.00  -706.56  117.76
  3.68  -677.12  125.12
  0.00  -706.56  125.12
  0.00  -942.08  0.00
  0.00  -706.56  125.12
  0.00  -706.56  7.36
  14.72  -706.56  125.12
  0.00  -942.08  0.00
  0.00  -942.08  0.00
  0.00  -942.08  0.00
  22.08  -942.08  0.92
  7.36  -883.20  0.00
  66.24  -942.08  0.00
  7.36  -883.20  0.00
  0.00  -882.28  0.00
  7.36  -942.08  0.00
  14.72  -883.20  58.88
  14.72  -912.64  -353.28
  1.84  -942.08  -353.28
   
29.44  -910.80  -353.28
  0.00  -588.80  -353.28
  29.44  -586.04  -338.56
  0.00  -587.88  132.48
  29.44  -559.36  -336.72
  29.44  -559.36  -454.48
  0.00  -529.92  -471.04
  29.44  -588.80  -824.32
  59.80  -942.08  -824.32
  58.88  -794.88  -912.64
  88.32  -934.72  -942.08
  90.16  -942.08  -937.48
  88.32  -934.72  -942.08
  29.44  -883.20  -942.08
  88.32  -938.40  -942.08
  0.00  -934.72  -934.72
  3.68  -942.08  -942.08
  58.88  -933.80  -942.08
  58.88  -942.08  -942.08
  132.48  -461.84  -927.36
  117.76  -912.64  -926.44
  0.00  -431.48  -941.16
  0.00  -471.04  -883.20
  117.76  -412.16  -942.08
   
2.76  -213.44  -470.12
  155.48  -463.68  -470.12
  8.28  -235.52  -471.04
  1.84  -706.56  0.92
  125.12  -220.80  -469.20
  119.60  -220.80  -940.24
  154.56  -235.52  -470.12
  154.56  -235.52  -937.48
  36.80  -235.52  -941.16
  0.00  0.00  -938.40
  36.80  -235.52  -938.40
  154.56  -235.52  -937.48
  119.60  -235.52  -941.16
  147.20  -235.52  -941.16
  37.72  -235.52  -942.08
  155.48  -235.52  -941.16
  140.76  -235.52  -942.08
  0.00  -213.44  -942.08
  117.76  -169.28  -942.08
  176.64  -213.44  -942.08
  176.64  -213.44  -942.08
  58.88  -169.28  -942.08
  58.88  -235.52  -942.08
  126.04  -235.52  -941.16
   
1.84  90.16  -471.04
  0.00  89.24  -471.04
  0.00  39.56  -471.04
  0.00  2.76  0.00
  0.00  1.84  -412.16
  0.00  2.76  -471.04
  0.00  0.00  -471.04
  29.44  2.76  -942.08
  97.52  1.84  -942.08
  71.76  2.76  -942.08
  93.84  0.92  -942.08
  211.60  0.00  -942.08
  0.00  15.64  -942.08
  0.92  0.00  -934.72
  0.92  14.72  -942.08
  235.52  0.00  -912.64
  235.52  29.44  -940.24
  235.52  0.00  -820.64
  0.00  0.00  -938.40
  235.52  0.00  -942.08
  235.52  118.68  -942.08
  1.84  0.92  -942.08
  58.88  0.00  -942.08
  60.72  0.00  -942.08
   
7.36  73.60  -471.04
  0.00  58.88  -471.04
  0.00  14.72  -471.04
  0.00  29.44  -467.36
  0.00  0.00  -456.32
  0.00  88.32  -452.64
  0.00  5.52  -451.72
  0.00  64.40  -942.08
  0.00  1.84  -912.64
  0.00  195.04  -942.08
  0.00  136.16  -942.08
  0.00  191.36  -942.08
  0.00  3.68  -912.64
  0.00  14.72  -942.08
  0.00  18.40  -941.16
  0.00  121.44  -912.64
  -206.08  0.92  -820.64
  -206.08  8.28  -938.40
  -206.08  7.36  -938.40
  -235.52  0.00  -820.64
  -206.08  117.76  -791.20
  -235.52  118.68  -912.64
  -235.52  3.68  -824.32
  -206.08  22.08  -824.32
   
-353.28  90.16  -351.44
  -467.36  60.72  -353.28
  -440.68  60.72  -353.28
  -440.68  58.88  -353.28
  -471.04  0.00  -353.28
  -471.04  0.00  -437.92
  -471.04  29.44  -437.92
  -471.04  33.12  -794.88
  -463.68  0.00  -824.32
  -471.04  0.00  -911.72
  -463.68  29.44  -794.88
  -471.04  0.00  -824.32
  -471.04  0.00  -823.40
  -471.04  0.00  -824.32
  0.00  0.00  -824.32
  -471.04  0.00  -794.88
  -441.60  0.00  -824.32
  -469.20  15.64  -942.08
  -925.52  14.72  -912.64
  -471.04  0.00  -824.32
  -471.04  1.84  -793.04
  -469.20  0.00  -940.24
  -471.04  1.84  -910.80
  -942.08  2.76  -822.48
   
-647.68  7.36  -235.52
  -632.96  -228.16  -471.04
  -647.68  -224.48  3.68
  -647.68  -224.48  -235.52
  -647.68  -231.84  -220.80
  -647.68  -231.84  -452.64
  -675.28  -217.12  -235.52
  -660.56  -231.84  -467.36
  -618.24  -231.84  -471.04
  -603.52  -231.84  -471.04
  -647.68  -228.16  -471.04
  -618.24  -469.20  -470.12
  -706.56  -471.04  -471.04
  -676.20  -454.48  -471.04
  -618.24  -456.32  -470.12
  -677.12  -463.68  -455.40
  -677.12  -412.16  -455.40
  -677.12  -463.68  -470.12
  -691.84  -412.16  -456.32
  -677.12  -412.16  -471.04
  -696.44  -471.04  -469.20
  -938.40  -471.04  -439.76
  -698.28  -471.04  -438.84
  -665.16  -471.04  -468.28
   
-706.56  -456.32  -82.80
  -705.64  -323.84  -101.20
  -699.20  -320.16  237.36
  -698.28  -353.28  -86.48
  -684.48  -353.28  -103.04
  -706.56  -349.60  -117.76
  -691.84  -349.60  -88.32
  -640.32  -467.36  -353.28
  -640.32  -467.36  -353.28
  -942.08  -471.04  1.84
  -640.32  -467.36  -336.72
  -647.68  -467.36  -336.72
  -588.80  -471.04  -293.48
  -586.96  -463.68  -294.40
  -940.24  -471.04  -352.36
  -588.80  -471.04  -294.40
  -588.80  -471.04  -294.40
  -588.80  -471.04  3.68
  -588.80  -839.04  -349.60
  -588.80  -912.64  -349.60
  -588.80  -897.92  -294.40
  -912.64  -861.12  -412.16
  -588.80  -934.72  -471.04
  -942.08  -942.08  -353.28
   
-463.68  -823.40  -143.52
  -463.68  -588.80  -172.96
  -467.36  -574.08  0.00
  -437.92  -574.08  -172.96
  -467.36  -588.80  -176.64
  -471.04  -588.80  -231.84
  -437.92  -706.56  -220.80
  -437.92  -632.96  -467.36
  -379.04  -691.84  -437.00
  -471.04  -942.08  -437.00
  -456.32  -631.12  -467.36
  -456.32  -645.84  -441.60
  -467.36  -691.84  -466.44
  -320.16  -647.68  -467.36
  -471.04  -647.68  -467.36
  -471.04  -647.68  -426.88
  -456.32  -706.56  -437.92
  -456.32  -706.56  -452.64
  -471.04  -647.68  -471.04
  -441.60  -647.68  -441.60
  -441.60  -706.56  -426.88
  -471.04  -644.00  -441.60
  -412.16  -706.56  -470.12
  -412.16  -647.68  -471.04
   
-467.36  -927.36  -456.32
  -471.04  -691.84  -294.40
  -471.04  -574.08  14.72
  -471.04  -588.80  -292.56
  -471.04  -585.12  -412.16
  -471.04  -574.08  -353.28
  -471.04  -588.80  -353.28
  -469.20  -702.88  -824.32
  -471.04  -706.56  -764.52
  -411.24  -912.64  -934.72
  -456.32  -942.08  -824.32
  -279.68  -706.56  -794.88
  -294.40  -691.84  -824.32
  -470.12  -661.48  -823.40
  -411.24  -661.48  -823.40
  -412.16  -927.36  -942.08
  -395.60  -897.92  -927.36
  -233.68  -927.36  -942.08
  -465.52  -897.92  -927.36
  -470.12  -927.36  -941.16
  -235.52  -927.36  -926.44
  -234.60  -942.08  -941.16
  -234.60  -927.36  -941.16
  -230.00  -942.08  -883.20
   
-191.36  -471.04  -912.64
  -206.08  -439.76  -529.92
  -206.08  -469.20  -706.56
  -189.52  -439.76  -529.92
  -191.36  -441.60  -500.48
  -176.64  -471.04  -559.36
  -144.44  -471.04  -559.36
  -188.60  -454.48  -706.56
  -235.52  -883.20  -942.08
  66.24  0.00  -942.08
  88.32  0.00  -934.72
  0.00  -235.52  -702.88
  7.36  -235.52  -938.40
  7.36  0.00  -691.84
  0.00  -88.32  -923.68
  0.00  0.00  -938.40
  14.72  7.36  -942.08
  0.00  0.00  -942.08
  0.00  0.00  -938.40
  0.00  0.00  -938.40
  14.72  7.36  -942.08
  14.72  0.00  -938.40
  0.00  0.00  -938.40
  0.00  0.00  -938.40
   
29.44  89.24  -471.04
  0.92  89.24  -463.68
  0.00  30.36  -471.04
  7.36  0.00  -434.24
  14.72  235.52  -349.60
  14.72  22.08  -466.44
  0.00  250.24  -471.04
  14.72  30.36  -823.40
  0.00  0.00  -824.32
  14.72  237.36  -941.16
  0.00  235.52  -765.44
  0.00  237.36  -764.52
  1.84  242.88  -471.04
  0.00  253.92  -471.04
  0.00  253.92  -471.04
  0.92  239.20  -471.04
  2.76  250.24  -471.04
  0.00  235.52  -471.04
  0.00  235.52  -471.04
  1.84  264.96  -467.36
  1.84  30.36  -437.92
  1.84  235.52  -452.64
  14.72  235.52  -454.48
  0.00  242.88  -456.32
   
0.00  29.44  29.44
  -88.32  0.00  33.12
  0.00  0.00  59.80
  -77.28  0.00  0.92
  -117.76  0.00  66.24
  -110.40  11.04  0.00
  -80.96  3.68  11.04
  -80.96  8.28  96.60
  29.44  353.28  58.88
  0.00  0.00  58.88
  29.44  5.52  0.00
  -116.84  353.28  1.84
  -115.92  353.28  119.60
  -86.48  353.28  1.84
  3.68  353.28  117.76
  -87.40  0.00  119.60
  0.00  3.68  118.68
  0.00  0.00  61.64
  -117.76  0.00  59.80
  -117.76  3.68  176.64
  -117.76  3.68  178.48
  1.84  330.28  0.92
  1.84  264.96  0.00
  -97.52  239.20  0.92
   
0.00  0.00  294.40
  -205.16  237.36  295.32
  -235.52  235.52  0.00
  -206.08  235.52  242.88
  -235.52  235.52  301.76
  -206.08  235.52  236.44
  -206.08  235.52  243.80
  -235.52  235.52  59.80
  -176.64  243.80  0.00
  -176.64  235.52  73.60
  -176.64  235.52  58.88
  -235.52  242.88  62.56
  -235.52  242.88  11.96
  -235.52  242.88  59.80
  -235.52  242.88  67.16
  -235.52  242.88  70.84
  -233.68  242.88  66.24
  -204.24  266.80  88.32
  -234.60  237.36  0.00
  -205.16  242.88  58.88
  -203.32  0.00  58.88
  -203.32  274.16  29.44
  -234.60  266.80  36.80
  -205.16  242.88  58.88
   
-235.52  58.88  235.52
  -235.52  235.52  235.52
  -235.52  235.52  0.00
  -230.92  235.52  0.00
  -230.92  235.52  235.52
  -234.60  239.20  235.52
  -234.60  264.96  235.52
  -233.68  235.52  0.00
  -174.80  294.40  0.00
  -176.64  3.68  0.00
  -233.68  264.96  0.00
  -235.52  239.20  0.00
  -176.64  239.20  14.72
  -235.52  268.64  0.92
  -235.52  239.20  15.64
  -235.52  264.96  15.64
  -235.52  250.24  15.64
  -235.52  235.52  74.52
  -235.52  257.60  0.92
  -235.52  264.96  14.72
  -235.52  22.08  59.80
  -235.52  264.96  1.84
  -235.52  279.68  22.08
  -220.80  250.24  58.88
   
-206.08  60.72  7.36
  -235.52  235.52  235.52
  -206.08  237.36  7.36
  -206.08  235.52  0.00
  -235.52  235.52  242.88
  -206.08  296.24  7.36
  -206.08  356.96  59.80
  -220.80  235.52  14.72
  -161.92  235.52  0.92
  -176.64  0.92  0.00
  -176.64  7.36  125.12
  -176.64  235.52  213.44
  -161.92  237.36  0.92
  -220.80  250.24  176.64
  -176.64  235.52  181.24
  -235.52  264.96  149.04
  -235.52  0.00  117.76
  -235.52  0.00  178.48
  -235.52  0.92  58.88
  -206.08  0.00  119.60
  -206.08  0.00  119.60
  -206.08  0.92  0.00
  -206.08  0.92  58.88
  -206.08  0.00  58.88
   
0.00  0.00  -147.20
  0.00  3.68  -235.52
  14.72  356.04  7.36
  16.56  250.24  -235.52
  0.00  250.24  -235.52
  3.68  294.40  -471.04
  29.44  309.12  -469.20
  33.12  257.60  -469.20
  0.00  242.88  -471.04
  3.68  3.68  -469.20
  3.68  253.92  -469.20
  7.36  235.52  -942.08
  7.36  235.52  -706.56
  40.48  235.52  -942.08
  3.68  29.44  -927.36
  0.00  7.36  -923.68
  0.00  0.00  -805.00
  0.00  0.00  -927.36
  0.00  0.00  -864.80
  0.00  0.00  -805.92
  0.00  7.36  -805.92
  0.00  58.88  -934.72
  0.00  88.32  -809.60
  3.68  88.32  -927.36
   
36.80  58.88  -345.92
  33.12  59.80  -471.04
  11.04  0.92  -353.28
  11.04  0.00  -471.04
  1.84  58.88  -353.28
  1.84  66.24  -471.04
  31.28  66.24  -471.04
  34.04  0.00  -824.32
  92.92  136.16  -823.40
  0.92  121.44  -942.08
  117.76  11.04  -824.32
  0.92  11.04  -824.32
  117.76  117.76  -824.32
  117.76  125.12  -824.32
  117.76  125.12  -824.32
  117.76  7.36  -824.32
  126.96  0.00  -824.32
  7.36  0.00  -942.08
  0.00  39.56  -912.64
  126.96  33.12  -912.64
  117.76  34.96  -824.32
  9.20  8.28  -942.08
  1.84  39.56  -824.32
  141.68  33.12  -824.32
   
0.00  0.00  -353.28
  0.00  0.00  -471.04
  0.00  117.76  -353.28
  0.00  147.20  -471.04
  0.00  117.76  -353.28
  0.00  31.28  -471.04
  0.00  31.28  -463.68
  0.00  31.28  -824.32
  58.88  1.84  -824.32
  58.88  0.00  -942.08
  117.76  31.28  -816.96
  176.64  1.84  -816.96
  0.00  29.44  -816.96
  0.00  0.00  -824.32
  250.24  29.44  -824.32
  250.24  7.36  -822.48
  240.12  9.20  -824.32
  238.28  9.20  -942.08
  7.36  0.00  -883.20
  235.52  0.00  -820.64
  235.52  0.00  -824.32
  253.00  3.68  -824.32
  235.52  0.00  -765.44
  294.40  3.68  -471.04
   
355.12  0.00  -228.16
  353.28  0.00  -228.16
  354.20  0.00  0.00
  354.20  0.00  -235.52
  236.44  0.00  -235.52
  355.12  0.00  -235.52
  355.12  0.00  -235.52
  355.12  0.00  -412.16
  356.96  15.64  -471.04
  353.28  15.64  -467.36
  3.68  15.64  -471.04
  353.28  3.68  -471.04
  353.28  3.68  -468.28
  353.28  3.68  -470.12
  353.28  33.12  -470.12
  353.28  3.68  -463.68
  353.28  0.00  -351.44
  353.28  3.68  -471.04
  239.20  3.68  -463.68
  353.28  0.00  -471.04
  356.96  0.00  -461.84
  0.00  14.72  -461.84
  0.00  14.72  -345.92
  356.96  18.40  -345.92
   
360.64  0.00  3.68
  356.96  14.72  11.04
  360.64  62.56  11.04
  360.64  62.56  7.36
  235.52  18.40  7.36
  353.28  3.68  3.68
  360.64  33.12  3.68
  235.52  88.32  0.00
  239.20  30.36  0.92
  301.76  0.00  29.44
  326.60  0.00  0.00
  325.68  0.00  3.68
  332.12  0.00  48.76
  264.96  0.00  30.36
  302.68  0.92  18.40
  264.96  0.92  122.36
  264.96  58.88  118.68
  235.52  30.36  4.60
  264.96  89.24  0.92
  264.96  0.00  119.60
  264.96  0.00  120.52
  264.96  88.32  6.44
  264.96  8.28  125.12
  264.96  0.00  121.44
   
235.52  58.88  132.48
  235.52  0.00  191.36
  242.88  0.00  14.72
  237.36  8.28  148.12
  239.20  73.60  0.00
  237.36  58.88  0.92
  235.52  15.64  0.00
  236.44  66.24  0.00
  268.64  0.92  29.44
  237.36  0.00  29.44
  270.48  0.00  30.36
  268.64  73.60  2.76
  266.80  73.60  0.00
  264.96  0.00  7.36
  274.16  1.84  7.36
  264.96  0.00  0.00
  235.52  58.88  2.76
  264.96  0.00  0.92
  29.44  0.00  0.00
  235.52  0.00  2.76
  58.88  0.00  6.44
  0.00  58.88  4.60
  88.32  0.00  1.84
  0.00  1.84  14.72
   
0.00  58.88  362.48
  58.88  0.00  0.00
  0.00  0.00  471.04
  58.88  29.44  0.00
  0.00  29.44  472.88
  0.00  29.44  1.84
  0.00  3.68  1.84
  0.00  0.92  0.00
  0.00  15.64  3.68
  1.84  0.00  14.72
  1.84  0.00  1.84
  0.00  23.00  20.24
  1.84  0.00  3.68
  0.00  0.00  25.76
  1.84  0.00  22.08
  16.56  0.00  25.76
  0.00  0.00  11.04
  34.96  14.72  14.72
  3.68  1.84  0.00
  0.00  7.36  0.00
  3.68  7.36  7.36
  0.00  1.84  14.72
  0.00  0.00  0.00
  3.68  0.00  0.00
   
-116.84  132.48  58.88
  -117.76  -117.76  529.92
  -103.04  -117.76  471.04
  -116.84  -103.04  60.72
  -219.88  -220.80  532.68
  0.00  0.00  14.72
  -117.76  -234.60  485.76
  -235.52  -235.52  0.00
  -224.48  -233.68  33.12
  -231.84  -226.32  33.12
  -234.60  -471.04  33.12
  -235.52  -264.96  0.00
  -235.52  -264.96  29.44
  -235.52  -441.60  0.00
  -235.52  -294.40  0.00
  -235.52  -353.28  0.00
  -235.52  -471.04  58.88
  -176.64  -471.04  0.00
  -235.52  -469.20  0.00
  -175.72  -471.04  0.00
  -219.88  -471.04  62.56
  -208.84  -471.04  58.88
  -228.16  -471.04  0.00
  -235.52  -471.04  2.76
   
-117.76  -349.60  14.72
  -115.92  -349.60  485.76
  -87.40  -352.36  471.04
  -80.96  -338.56  1.84
  -206.08  -337.64  487.60
  -88.32  -338.56  1.84
  -95.68  -338.56  478.40
  -110.40  -456.32  7.36
  11.04  -471.04  11.04
  3.68  -471.04  11.04
  0.00  -471.04  7.36
  -117.76  -471.04  0.92
  -110.40  -412.16  0.00
  0.00  -412.16  0.00
  7.36  -397.44  0.92
  7.36  -456.32  0.92
  7.36  -448.96  2.76
  0.92  -471.04  0.92
  0.00  -471.04  29.44
  0.00  -471.04  29.44
  0.00  -912.64  0.00
  0.00  -426.88  0.00
  0.00  -467.36  3.68
  0.00  -467.36  0.92
   
29.44  -937.48  235.52
  0.00  -937.48  353.28
  29.44  -939.32  117.76
  29.44  -938.40  235.52
  29.44  -938.40  353.28
  29.44  -942.08  235.52
  0.00  -942.08  353.28
  0.00  -940.24  117.76
  0.00  -573.16  0.00
  0.00  -938.40  29.44
  0.00  -938.40  0.92
  0.00  -588.80  0.00
  0.00  -585.12  0.92
  0.00  -824.32  14.72
  3.68  -585.12  14.72
  14.72  -706.56  0.00
  14.72  -647.68  0.00
  22.08  -677.12  0.92
  14.72  -704.72  0.00
  0.00  -690.92  14.72
  0.00  -941.16  58.88
  22.08  -706.56  0.00
  23.92  -699.20  58.88
  23.92  -699.20  0.00
   
29.44  -669.76  0.92
  7.36  -706.56  0.92
  29.44  -699.20  0.92
  11.04  -706.56  0.92
  29.44  -934.72  2.76
  36.80  -706.56  32.20
  0.00  -706.56  1.84
  0.00  -942.08  0.00
  0.00  -912.64  0.00
  0.00  -905.28  0.00
  0.00  -912.64  29.44
  0.00  -942.08  29.44
  0.00  -942.08  0.00
  0.00  -940.24  29.44
  0.00  -942.08  0.00
  0.00  -940.24  0.00
  14.72  -882.28  1.84
  0.00  -942.08  0.00
  14.72  -882.28  -228.16
  0.00  -942.08  -235.52
  0.00  -942.08  -234.60
  0.00  -883.20  -235.52
  0.00  -938.40  -353.28
  1.84  -934.72  -352.36
   
0.00  -941.16  -235.52
  1.84  -706.56  0.00
  1.84  -706.56  0.00
  0.00  -706.56  -235.52
  75.44  -705.64  -232.76
  7.36  -705.64  -468.28
  23.92  -705.64  -234.60
  75.44  -706.56  -469.20
  88.32  -706.56  -471.04
  88.32  -706.56  -469.20
  90.16  -706.56  -469.20
  -14.72  -699.20  -469.20
  -14.72  -706.56  -471.04
  44.16  -699.20  -471.04
  117.76  -706.56  -469.20
  58.88  -706.56  -469.20
  62.56  -705.64  -434.24
  66.24  -677.12  -461.84
  66.24  -677.12  -471.04
  58.88  -706.56  -441.60
  8.28  -911.72  -439.76
  0.92  -676.20  -439.76
  59.80  -706.56  -441.60
  3.68  -706.56  -441.60
   
3.68  -942.08  -279.68
  3.68  -706.56  -294.40
  58.88  -677.12  0.00
  0.00  -673.44  -353.28
  58.88  -677.12  -294.40
  0.00  -677.12  -345.92
  0.00  -706.56  -353.28
  58.88  -702.88  -765.44
  58.88  -706.56  -764.52
  58.88  -938.40  -941.16
  58.88  -647.68  -764.52
  -58.88  -702.88  -823.40
  -58.88  -701.04  -809.60
  176.64  -704.72  -809.60
  58.88  -706.56  -819.72
  0.00  -706.56  -802.24
  8.28  -618.24  -824.32
  0.92  -647.68  -824.32
  0.00  -584.20  -942.08
  -117.76  -942.08  -937.48
  -117.76  -942.08  -911.72
  0.92  -938.40  -937.48
  8.28  -920.92  -942.08
  -117.76  -923.68  -936.56
   
-117.76  -942.08  -463.68
  -115.92  -940.24  -460.00
  -117.76  -910.80  -471.04
  -117.76  -910.80  -411.24
  -117.76  -912.64  -411.24
  -117.76  -883.20  -471.04
  -117.76  -883.20  -471.04
  -117.76  -875.84  -883.20
  -116.84  -942.08  -897.92
  -117.76  -942.08  -897.92
  -116.84  -942.08  -912.64
  -235.52  -940.24  -897.92
  -235.52  -931.96  -942.08
  -184.00  -942.08  -908.96
  0.00  -941.16  -912.64
  -147.20  -942.08  -942.08
  -147.20  -934.72  -883.20
  -176.64  -934.72  -941.16
  -176.64  -883.20  -941.16
  -176.64  -942.08  -941.16
  -233.68  -908.96  -912.64
  16.56  -853.76  -942.08
  -235.52  -934.72  -927.36
  -205.16  -942.08  -941.16
   
-206.08  -469.20  -471.04
  -235.52  -471.04  -942.08
  -213.44  -463.68  -471.04
  -211.60  -463.68  -471.04
  -233.68  -471.04  -471.04
  -220.80  -434.24  -942.08
  -235.52  -412.16  -927.36
  -235.52  -471.04  -925.52
  -234.60  -461.84  -925.52
  -234.60  -432.40  -925.52
  -234.60  -463.68  -940.24
  -235.52  -461.84  -940.24
  -234.60  -463.68  -940.24
  -235.52  -471.04  -927.36
  -226.32  -410.32  -934.72
  -235.52  -412.16  -942.08
  -235.52  -471.04  -927.36
  -235.52  -471.04  -927.36
  -471.04  -410.32  -927.36
  -471.04  -410.32  -942.08
  -235.52  -471.04  -927.36
  -235.52  -410.32  -927.36
  -235.52  -471.04  -942.08
  -235.52  -410.32  -942.08
   
-235.52  -351.44  -471.04
  -471.04  -469.20  -942.08
  -235.52  -471.04  -942.08
  -235.52  -471.04  -942.08
  -233.68  -471.04  -927.36
  -235.52  -471.04  -515.20
  -235.52  -471.04  -507.84
  -233.68  -471.04  -677.12
  -213.44  -456.32  -912.64
  -228.16  -426.88  -942.08
  -228.16  -471.04  -912.64
  -220.80  -471.04  -677.12
  -220.80  -471.04  -942.08
  -217.12  -471.04  -677.12
  -230.00  -456.32  -912.64
  -117.76  -471.04  -672.52
  -117.76  -460.00  -911.72
  -223.56  -467.36  -942.08
  -223.56  -412.16  -941.16
  -114.08  -408.48  -942.08
  -58.88  -465.52  -942.08
  66.24  -406.64  -942.08
  7.36  -467.36  -941.16
  0.00  -471.04  -941.16
   
147.20  -456.32  -441.60
  117.76  -456.32  -469.20
  147.20  -470.12  -439.76
  147.20  -455.40  -441.60
  147.20  -455.40  -469.20
  117.76  -455.40  -469.20
  147.20  -470.12  -441.60
  117.76  -455.40  -910.80
  0.00  -456.32  -912.64
  3.68  -441.60  -942.08
  69.92  -471.04  -912.64
  187.68  -463.68  -927.36
  195.04  -441.60  -942.08
  14.72  -441.60  -942.08
  77.28  -441.60  -942.08
  29.44  -471.04  -934.72
  29.44  -471.04  -934.72
  1.84  -471.04  -942.08
  0.00  -375.36  -942.08
  14.72  -471.04  -942.08
  0.00  -463.68  -942.08
  235.52  -375.36  -940.24
  236.44  -463.68  -910.80
  0.00  -441.60  -940.24
   
235.52  -470.12  -353.28
  242.88  -471.04  -337.64
  235.52  -353.28  14.72
  242.88  -353.28  -352.36
  257.60  -471.04  -294.40
  250.24  -471.04  -353.28
  261.28  -471.04  -294.40
  236.44  -408.48  -471.04
  294.40  -467.36  -471.04
  235.52  -471.04  -471.04
  295.32  -471.04  -469.20
  295.32  -412.16  -456.32
  301.76  -412.16  -471.04
  242.88  -471.04  -471.04
  294.40  -412.16  -471.04
  235.52  -412.16  -471.04
  266.80  -471.04  -471.04
  235.52  -471.04  -471.04
  237.36  -471.04  -471.04
  266.80  -471.04  -471.04
  235.52  -934.72  -471.04
  0.00  -463.68  -471.04
  264.96  -470.12  -471.04
  279.68  -470.12  -471.04
   
354.20  -461.84  -176.64
  235.52  -463.68  -169.28
  353.28  -469.20  0.00
  353.28  -469.20  -176.64
  236.44  -461.84  -235.52
  356.96  -471.04  -228.16
  360.64  -471.04  -145.36
  246.56  -942.08  -439.76
  246.56  -942.08  -441.60
  239.20  -912.64  -471.04
  9.20  -942.08  -440.68
  237.36  -927.36  -468.28
  241.04  -912.64  -439.76
  235.52  -912.64  -468.28
  239.20  -912.64  -439.76
  239.20  -897.92  -441.60
  250.24  -897.92  -338.56
  298.08  -912.64  29.44
  309.12  -942.08  -470.12
  239.20  -927.36  -353.28
  250.24  -912.64  -348.68
  3.68  -853.76  -469.20
  314.64  -942.08  -338.56
  241.04  -912.64  -469.20
   
280.60  -938.40  33.12
  279.68  -938.40  0.00
  235.52  -912.64  0.00
  240.12  -912.64  7.36
  237.36  -942.08  0.00
  270.48  -942.08  0.00
  235.52  -912.64  0.00
  235.52  -912.64  0.00
  296.24  -555.68  0.00
  255.76  -820.64  0.00
  294.40  -942.08  0.92
  296.24  -581.44  0.00
  237.36  -934.72  0.00
  235.52  -942.08  0.92
  299.92  -588.80  29.44
  239.20  -942.08  31.28
  235.52  -942.08  58.88
  239.20  -942.08  0.00
  248.40  -942.08  58.88
  241.04  -942.08  7.36
  235.52  -942.08  7.36
  235.52  -927.36  66.24
  235.52  -942.08  58.88
  251.16  -927.36  7.36
   
251.16  -942.08  0.00
  235.52  -586.96  121.44
  235.52  -586.04  117.76
  250.24  -588.80  0.00
  8.28  -588.80  121.44
  238.28  -588.80  14.72
  238.28  -588.80  117.76
  236.44  -588.80  36.80
  236.44  -574.08  36.80
  0.92  -934.72  117.76
  0.00  -699.20  36.80
  0.92  -699.20  117.76
  2.76  -699.20  122.36
  0.92  -706.56  156.40
  73.60  -706.56  174.80
  14.72  -706.56  1.84
  14.72  -640.32  1.84
  0.00  -698.28  1.84
  3.68  -706.56  0.00
  0.00  -690.00  1.84
  0.00  -706.56  0.00
  0.00  -632.96  0.00
  0.00  -699.20  29.44
  0.00  -706.56  29.44
   
29.44  -463.68  252.08
  29.44  -471.04  294.40
  36.80  -463.68  16.56
  29.44  -471.04  237.36
  0.00  -467.36  235.52
  29.44  -471.04  237.36
  7.36  -471.04  235.52
  0.00  -471.04  0.00
  58.88  -471.04  0.00
  58.88  -471.04  0.92
  66.24  -441.60  0.92
  179.40  -471.04  118.68
  178.48  -463.68  117.76
  1.84  -471.04  117.76
  66.24  -471.04  0.00
  3.68  -441.60  117.76
  3.68  -439.76  117.76
  0.00  -463.68  0.00
  0.00  -441.60  3.68
  3.68  -903.44  0.00
  0.00  -910.80  121.44
  0.00  -461.84  0.00
  0.00  -463.68  118.68
  0.00  -441.60  118.68
   
147.20  -470.12  360.64
  117.76  -349.60  412.16
  149.96  -353.28  243.80
  117.76  -353.28  354.20
  29.44  -471.04  0.00
  147.20  -353.28  353.28
  117.76  -353.28  412.16
  117.76  -471.04  239.20
  0.00  -470.12  240.12
  0.00  -471.04  235.52
  14.72  -471.04  240.12
  117.76  -471.04  235.52
  117.76  -471.04  237.36
  117.76  -471.04  235.52
  0.00  -471.04  237.36
  117.76  -469.20  237.36
  125.12  -410.32  3.68
  117.76  -412.16  0.00
  14.72  -471.04  235.52
  14.72  -471.04  235.52
  62.56  -471.04  239.20
  3.68  -412.16  235.52
  62.56  -469.20  239.20
  18.40  -469.20  235.52
   
119.60  0.92  29.44
  117.76  -235.52  1.84
  119.60  -234.60  31.28
  119.60  -234.60  1.84
  0.00  -235.52  31.28
  117.76  -235.52  1.84
  118.68  -234.60  29.44
  0.00  -219.88  29.44
  0.00  -220.80  250.24
  0.92  29.44  279.68
  0.92  -147.20  279.68
  0.00  -382.72  264.96
  0.00  -116.84  47.84
  0.92  -117.76  264.96
  0.00  -116.84  264.96
  29.44  0.00  0.00
  30.36  0.00  0.00
  0.92  0.00  0.00
  0.92  0.00  0.00
  29.44  3.68  29.44
  29.44  3.68  0.00
  0.00  0.00  0.00
  29.44  3.68  29.44
  30.36  3.68  29.44
   
4.60  1.84  235.52
  0.00  1.84  0.00
  0.00  1.84  235.52
  62.56  0.00  235.52
  3.68  1.84  353.28
  69.92  1.84  264.96
  63.48  0.00  235.52
  12.88  16.56  117.76
  3.68  191.36  0.00
  16.56  132.48  117.76
  14.72  119.60  0.00
  1.84  1.84  117.76
  1.84  1.84  117.76
  0.00  1.84  7.36
  18.40  1.84  0.00
  25.76  1.84  7.36
  25.76  117.76  29.44
  0.00  235.52  104.88
  29.44  235.52  0.00
  0.92  235.52  29.44
  0.00  14.72  60.72
  0.00  235.52  0.00
  30.36  235.52  16.56
  7.36  264.96  75.44
   
29.44  60.72  14.72
  0.00  242.88  3.68
  15.64  294.40  0.00
  0.00  235.52  3.68
  0.00  353.28  0.92
  14.72  235.52  0.00
  14.72  353.28  0.00
  14.72  235.52  0.00
  73.60  237.36  125.12
  133.40  235.52  117.76
  74.52  1.84  119.60
  -43.24  235.52  191.36
  -43.24  237.36  14.72
  15.64  237.36  181.24
  58.88  235.52  176.64
  29.44  241.04  191.36
  0.00  299.00  191.36
  29.44  236.44  88.32
  0.00  240.12  132.48
  29.44  237.36  161.92
  29.44  243.80  176.64
  29.44  327.52  1.84
  29.44  299.00  117.76
  29.44  236.44  119.60
   
8.28  0.00  14.72
  0.00  4.60  18.40
  8.28  0.00  14.72
  0.92  3.68  0.00
  7.36  3.68  18.40
  0.92  4.60  14.72
  0.92  3.68  3.68
  7.36  4.60  0.00
  95.68  236.44  30.36
  58.88  29.44  18.40
  92.92  33.12  18.40
  -24.84  272.32  0.92
  11.04  272.32  0.92
  47.84  235.52  0.00
  1.84  272.32  0.00
  1.84  7.36  0.00
  16.56  11.04  0.00
  1.84  11.04  3.68
  16.56  0.00  3.68
  1.84  5.52  3.68
  1.84  2.76  0.00
  1.84  3.68  14.72
  9.20  0.00  5.52
  1.84  3.68  1.84
   
16.56  3.68  -110.40
  0.00  0.00  -117.76
  2.76  0.00  117.76
  7.36  0.00  -117.76
  7.36  0.00  -115.92
  1.84  0.00  -219.88
  0.00  0.00  -218.04
  3.68  237.36  -353.28
  0.92  235.52  -353.28
  15.64  0.00  -351.44
  2.76  0.00  -469.20
  0.92  235.52  -353.28
  0.00  236.44  -345.00
  0.00  236.44  -462.76
  0.00  235.52  -353.28
  0.00  235.52  -353.28
  0.00  327.52  -347.76
  5.52  0.00  29.44
  3.68  0.00  -470.12
  0.00  0.00  -441.60
  0.00  0.00  -353.28
  0.00  0.00  -471.04
  0.00  0.00  -471.04
  0.00  0.00  -471.04
   
0.92  62.56  -232.76
  2.76  294.40  -467.36
  2.76  235.52  0.00
  0.00  239.20  -441.60
  0.00  294.40  -471.04
  0.00  239.20  -441.60
  38.64  235.52  -471.04
  0.00  235.52  -471.04
  0.92  235.52  -471.04
  0.00  29.44  -471.04
  0.00  264.96  -471.04
  0.00  235.52  -471.04
  14.72  264.96  -463.68
  51.52  264.96  -471.04
  88.32  235.52  -471.04
  31.28  235.52  -467.36
  31.28  239.20  -467.36
  34.96  239.20  -467.36
  29.44  235.52  -471.04
  30.36  235.52  -471.04
  0.92  0.92  -471.04
  30.36  235.52  -469.20
  30.36  235.52  -469.20
  29.44  236.44  -469.20
   
0.00  5.52  -353.28
  1.84  237.36  -471.04
  1.84  243.80  -352.36
  0.00  246.56  -470.12
  0.00  236.44  -353.28
  1.84  5.52  -470.12
  0.00  10.12  -470.12
  0.00  11.04  -823.40
  14.72  7.36  -823.40
  14.72  11.04  -942.08
  73.60  44.16  -824.32
  73.60  132.48  -824.32
  14.72  29.44  -942.08
  0.00  0.00  -824.32
  0.00  147.20  -824.32
  0.00  0.00  -820.64
  132.48  0.00  -824.32
  0.00  0.00  -941.16
  0.00  0.00  -933.80
  117.76  3.68  -809.60
  117.76  3.68  -824.32
  0.00  0.00  -883.20
  0.00  0.00  -824.32
  125.12  0.00  -824.32
   
11.04  9.20  -294.40
  0.00  7.36  -349.60
  0.00  0.00  0.00
  0.00  7.36  -412.16
  0.00  0.00  -294.40
  0.00  0.00  -353.28
  31.28  0.00  -345.92
  29.44  0.00  -765.44
  67.16  62.56  -765.44
  58.88  3.68  -883.20
  88.32  3.68  -765.44
  207.00  3.68  -765.44
  0.92  58.88  -942.08
  30.36  58.88  -765.44
  206.08  58.88  -758.08
  29.44  0.00  -758.08
  45.08  22.08  -750.72
  31.28  4.60  -853.76
  0.00  4.60  -824.32
  44.16  15.64  -765.44
  29.44  3.68  -471.04
  14.72  0.00  -471.04
  11.04  18.40  -469.20
  3.68  14.72  -471.04
   
235.52  66.24  -471.04
  279.68  58.88  -331.20
  250.24  0.00  8.28
  14.72  0.00  -387.32
  268.64  59.80  -461.84
  264.96  73.60  -335.80
  281.52  74.52  -285.20
  47.84  73.60  -468.28
  0.00  0.00  -471.04
  235.52  0.92  -471.04
  242.88  14.72  -448.04
  301.76  7.36  -471.04
  294.40  14.72  -465.52
  250.24  0.00  -466.44
  294.40  14.72  -469.20
  312.80  0.00  -441.60
  250.24  0.00  -471.04
  235.52  0.00  -471.04
  235.52  1.84  -471.04
  235.52  1.84  -471.04
  239.20  0.00  -470.12
  0.00  117.76  -470.12
  264.96  14.72  -470.12
  264.96  14.72  -471.04
   
353.28  14.72  -235.52
  355.12  14.72  -471.04
  355.12  3.68  0.92
  369.84  14.72  -471.04
  252.08  14.72  -235.52
  368.00  0.92  -233.68
  353.28  7.36  -206.08
  369.84  0.00  -469.20
  1.84  0.92  -471.04
  355.12  29.44  -468.28
  3.68  0.00  -441.60
  368.00  0.00  -441.60
  353.28  0.00  -441.60
  368.00  15.64  -437.92
  371.68  16.56  -430.56
  368.00  17.48  -434.24
  353.28  5.52  -353.28
  2.76  0.00  3.68
  253.00  5.52  -349.60
  356.04  0.00  -334.88
  354.20  0.00  -338.56
  15.64  0.00  -397.44
  0.00  14.72  -294.40
  364.32  14.72  -323.84
   
353.28  92.00  -103.04
  360.64  0.00  -116.84
  353.28  58.88  280.60
  353.28  117.76  -101.20
  235.52  125.12  7.36
  353.28  7.36  -101.20
  353.28  125.12  -44.16
  353.28  0.00  -218.96
  353.28  2.76  -233.68
  353.28  0.00  0.00
  0.00  1.84  -218.96
  250.24  0.00  16.56
  235.52  0.00  0.92
  235.52  0.00  0.00
  237.36  29.44  0.00
  235.52  29.44  0.00
  235.52  58.88  0.00
  294.40  36.80  23.92
  294.40  29.44  -176.64
  235.52  29.44  23.92
  235.52  7.36  0.00
  0.00  0.00  58.88
  266.80  7.36  58.88
  264.96  0.00  0.00
   
235.52  3.68  0.00
  235.52  7.36  0.00
  235.52  12.88  0.00
  294.40  11.04  0.00
  235.52  5.52  117.76
  294.40  14.72  117.76
  297.16  1.84  117.76
  297.16  0.00  14.72
  235.52  58.88  14.72
  235.52  0.00  147.20
  237.36  0.00  29.44
  236.44  117.76  147.20
  236.44  119.60  0.00
  238.28  119.60  161.92
  237.36  117.76  132.48
  236.44  1.84  147.20
  264.96  0.00  195.04
  264.96  16.56  88.32
  235.52  0.00  136.16
  239.20  0.00  3.68
  239.20  0.00  3.68
  235.52  0.00  3.68
  235.52  14.72  14.72
  235.52  1.84  7.36
   
149.04  137.08  235.52
  0.00  118.68  0.00
  117.76  117.76  47.84
  125.12  125.12  268.64
  0.00  119.60  368.92
  117.76  117.76  242.88
  132.48  119.60  361.56
  14.72  5.52  117.76
  74.52  5.52  0.00
  14.72  1.84  117.76
  7.36  0.00  0.00
  13.80  88.32  147.20
  24.84  88.32  0.00
  0.00  0.00  117.76
  0.00  73.60  119.60
  1.84  58.88  182.16
  29.44  58.88  224.48
  0.00  58.88  108.56
  5.52  7.36  0.00
  3.68  0.00  3.68
  0.00  0.00  3.68
  0.00  22.08  0.00
  1.84  22.08  0.00
  58.88  14.72  0.00
   
-233.68  0.00  0.00
  -228.16  58.88  471.04
  -198.72  58.88  471.04
  -226.32  62.56  0.00
  -231.84  3.68  471.04
  -228.16  3.68  0.00
  -222.64  0.00  471.04
  -231.84  62.56  0.00
  -204.24  7.36  1.84
  -206.08  16.56  1.84
  -206.08  22.08  0.00
  -233.68  0.00  0.00
  -205.16  0.92  0.00
  -206.08  0.00  15.64
  -235.52  6.44  9.20
  -235.52  0.92  9.20
  -235.52  5.52  31.28
  -225.40  5.52  31.28
  -232.76  3.68  31.28
  -235.52  0.00  0.00
  -235.52  0.00  23.92
  -235.52  1.84  23.92
  -235.52  0.00  1.84
  -228.16  0.00  0.00
   
-174.80  235.52  0.00
  -234.60  0.00  0.00
  -176.64  235.52  0.00
  -173.88  16.56  0.00
  -412.16  16.56  0.00
  -235.52  1.84  364.32
  -176.64  31.28  353.28
  -235.52  29.44  176.64
  -235.52  30.36  73.60
  -235.52  0.00  176.64
  -220.80  30.36  0.00
  -456.32  0.00  118.68
  -235.52  58.88  148.12
  -235.52  0.00  118.68
  -235.52  58.88  117.76
  -235.52  58.88  148.12
  -235.52  7.36  118.68
  -235.52  22.08  30.36
  -231.84  7.36  0.92
  -235.52  0.00  22.08
  -235.52  88.32  132.48
  -220.80  58.88  132.48
  -220.80  58.88  14.72
  -218.96  88.32  117.76
   
-233.68  58.88  7.36
  -235.52  235.52  11.04
  -215.28  294.40  7.36
  -117.76  7.36  33.12
  -235.52  29.44  0.00
  -117.76  0.00  147.20
  -117.76  7.36  147.20
  -235.52  92.00  209.76
  -176.64  33.12  147.20
  -176.64  29.44  250.24
  -176.64  0.00  117.76
  -176.64  88.32  206.08
  -176.64  235.52  0.00
  -235.52  235.52  0.00
  -176.64  235.52  0.00
  -235.52  273.24  125.12
  -235.52  0.00  132.48
  -235.52  294.40  66.24
  -235.52  264.96  80.96
  -235.52  264.96  132.48
  -206.08  294.40  117.76
  -206.08  331.20  0.00
  0.00  301.76  0.00
  -206.08  16.56  0.00
   
0.00  500.48  0.00
  1.84  0.00  0.00
  1.84  0.00  58.88
  0.00  0.00  382.72
  0.00  1.84  0.00
  0.00  0.00  147.20
  0.00  1.84  382.72
  0.00  2.76  147.20
  4.60  236.44  117.76
  4.60  0.00  29.44
  0.00  2.76  147.20
  0.92  236.44  154.56
  0.00  237.36  147.20
  0.92  238.28  147.20
  0.92  237.36  154.56
  3.68  0.92  125.12
  -99.36  0.00  -463.68
  18.40  0.00  0.00
  -220.80  0.00  -471.04
  -116.84  0.00  -471.04
  -102.12  0.00  -471.04
  3.68  0.00  -471.04
  3.68  0.00  -471.04
  4.60  0.00  0.00
   
0.00  59.80  0.00
  0.00  66.24  0.00
  0.00  8.28  0.00
  0.00  0.92  0.00
  31.28  11.04  0.92
  5.52  7.36  59.80
  31.28  3.68  58.88
  3.68  0.92  0.00
  3.68  0.92  7.36
  0.00  30.36  7.36
  58.88  29.44  7.36
  59.80  0.00  7.36
  58.88  0.00  0.00
  58.88  8.28  0.00
  58.88  0.00  11.04
  0.00  0.00  7.36
  0.00  235.52  -763.60
  55.20  250.24  -846.40
  18.40  235.52  -824.32
  0.00  235.52  -764.52
  14.72  14.72  -735.08
  14.72  236.44  -821.56
  0.92  235.52  -793.04
  0.00  7.36  88.32
   
59.80  264.96  14.72
  0.92  29.44  0.00
  0.00  264.96  0.00
  58.88  0.00  0.00
  1.84  1.84  0.00
  60.72  0.00  14.72
  3.68  0.00  14.72
  7.36  0.00  0.00
  66.24  117.76  -794.88
  8.28  14.72  -911.72
  67.16  0.00  -824.32
  209.76  0.00  -824.32
  209.76  29.44  -794.88
  29.44  0.00  -794.88
  235.52  0.00  -789.36
  235.52  14.72  -820.64
  235.52  0.00  -765.44
  237.36  0.00  -883.20
  0.00  61.64  -883.20
  237.36  61.64  -824.32
  235.52  44.16  -805.92
  239.20  45.08  -809.60
  239.20  45.08  -805.92
  239.20  46.92  -809.60
   
235.52  0.00  -323.84
  235.52  0.00  -323.84
  266.80  3.68  0.00
  237.36  0.00  -323.84
  237.36  62.56  -323.84
  237.36  73.60  -353.28
  237.36  58.88  -323.84
  264.96  3.68  -794.88
  327.52  -116.84  -765.44
  298.08  117.76  -883.20
  327.52  4.60  -765.44
  327.52  -114.08  -765.44
  237.36  -116.84  -471.04
  281.52  -117.76  -471.04
  329.36  -116.84  -471.04
  235.52  0.00  -469.20
  353.28  0.00  -469.20
  353.28  0.00  -471.04
  235.52  0.00  -454.48
  353.28  0.00  -456.32
  353.28  -235.52  -471.04
  0.00  -169.28  -463.68
  0.00  -227.24  -467.36
  353.28  -210.68  -460.00
   
353.28  2.76  -349.60
  235.52  -235.52  -353.28
  353.28  -110.40  -349.60
  235.52  -107.64  -353.28
  235.52  -219.88  -353.28
  235.52  -228.16  -471.04
  235.52  -161.92  -471.04
  236.44  -220.80  -822.48
  248.40  -220.80  -823.40
  246.56  44.16  -941.16
  305.44  -220.80  -821.56
  299.92  -220.80  -822.48
  307.28  -191.36  -823.40
  235.52  -234.60  -942.08
  236.44  -205.16  -824.32
  279.68  -234.60  -912.64
  235.52  -235.52  -934.72
  250.24  -235.52  -901.60
  242.88  -198.72  -905.28
  264.96  -228.16  -927.36
  242.88  -456.32  -942.08
  242.88  -233.68  -942.08
  265.88  -228.16  -934.72
  264.96  -220.80  -927.36
   
30.36  0.00  -463.68
  3.68  -220.80  -471.04
  33.12  -220.80  -469.20
  1.84  -228.16  -469.20
  14.72  -213.44  -471.04
  14.72  -220.80  -471.04
  3.68  -209.76  -456.32
  132.48  -209.76  -939.32
  0.00  -235.52  -942.08
  0.00  0.00  -942.08
  0.00  -235.52  -942.08
  0.00  -231.84  -942.08
  117.76  -206.08  -942.08
  117.76  -235.52  -940.24
  11.04  -206.08  -940.24
  128.80  -235.52  -942.08
  121.44  -231.84  -942.08
  66.24  -235.52  -927.36
  66.24  -235.52  -927.36
  58.88  -235.52  -942.08
  7.36  -463.68  -942.08
  9.20  -228.16  -942.08
  29.44  -235.52  -942.08
  16.56  -234.60  -940.24
   
36.80  89.24  -934.72
  29.44  -147.20  -581.44
  38.64  -205.16  -706.56
  1.84  -205.16  -529.92
  36.80  -234.60  -522.56
  9.20  -234.60  -588.80
  7.36  -116.84  -587.88
  1.84  -234.60  -706.56
  31.28  -235.52  -942.08
  8.28  3.68  -941.16
  32.20  -235.52  -941.16
  -87.40  -235.52  -701.96
  -115.00  -235.52  -702.88
  -86.48  -235.52  -702.88
  236.44  -235.52  -941.16
  -85.56  -235.52  -701.96
  -116.84  -220.80  -706.56
  1.84  -176.64  -942.08
  -233.68  -176.64  -706.56
  -115.92  -234.60  -706.56
  -117.76  -219.88  -706.56
  15.64  -161.00  -706.56
  0.00  -234.60  -706.56
  -220.80  -219.88  -706.56
   
-471.04  8.28  -905.28
  -412.16  -235.52  -529.92
  -412.16  -116.84  -662.40
  -471.04  -117.76  -485.76
  -448.96  -117.76  -940.24
  -448.96  -117.76  -942.08
  7.36  -116.84  -942.08
  -471.04  -234.60  -942.08
  -456.32  -234.60  -940.24
  -463.68  0.00  -940.24
  -441.60  -231.84  -940.24
  -320.16  -231.84  -942.08
  -320.16  -230.92  -942.08
  -353.28  -235.52  -942.08
  -463.68  -235.52  -933.80
  -345.92  -235.52  -941.16
  -353.28  -169.28  -942.08
  -470.12  -169.28  -942.08
  -470.12  -169.28  -927.36
  -470.12  -230.00  -927.36
  -353.28  -235.52  -942.08
  0.92  -169.28  -942.08
  -470.12  -235.52  -942.08
  -470.12  -224.48  -927.36
   
-471.04  119.60  -469.20
  -471.04  -117.76  -441.60
  -470.12  -103.04  -441.60
  -470.12  -103.04  -412.16
  -941.16  -117.76  -373.52
  -471.04  -103.04  -432.40
  -471.04  -103.04  -410.32
  -933.80  -206.08  -940.24
  -934.72  -235.52  -939.32
  -941.16  29.44  -942.08
  -942.08  29.44  -942.08
  -942.08  -220.80  -942.08
  -934.72  -220.80  -942.08
  -942.08  -109.48  -942.08
  -942.08  -116.84  -942.08
  -942.08  7.36  -942.08
  -470.12  7.36  -934.72
  -470.12  7.36  -934.72
  -942.08  7.36  -941.16
  -883.20  0.00  -942.08
  -938.40  18.40  -824.32
  -942.08  0.00  -942.08
  -883.20  3.68  -942.08
  -883.20  3.68  -824.32
   
-463.68  1.84  -439.76
  -463.68  1.84  -410.32
  -463.68  0.00  -425.04
  -463.68  1.84  -380.88
  -471.04  0.00  -463.68
  -469.20  0.00  -418.60
  -471.04  0.00  -397.44
  -439.76  1.84  -934.72
  -441.60  1.84  -934.72
  -441.60  1.84  -942.08
  -471.04  0.00  -942.08
  -441.60  0.00  -934.72
  -471.04  0.00  -942.08
  -441.60  0.00  -934.72
  -434.24  1.84  -820.64
  -432.40  0.00  -824.32
  -419.52  0.00  -808.68
  -425.04  0.00  -942.08
  -469.20  0.00  -927.36
  -441.60  0.00  -824.32
  -412.16  7.36  -824.32
  -412.16  58.88  -942.08
  -471.04  7.36  -942.08
  -471.04  0.00  -824.32
   
-352.36  0.00  -471.04
  -353.28  250.24  -294.40
  -456.32  237.36  0.00
  -323.84  235.52  -469.20
  -338.56  237.36  -471.04
  -471.04  235.52  -468.28
  -471.04  237.36  -470.12
  -471.04  235.52  -941.16
  -353.28  0.92  -794.88
  -408.48  14.72  -839.04
  -404.80  237.36  -721.28
  -264.96  235.52  -721.28
  -463.68  235.52  -910.80
  -430.56  235.52  -940.24
  -378.12  235.52  -897.92
  -467.36  235.52  -471.04
  -231.84  236.44  -471.04
  -235.52  236.44  -470.12
  -471.04  235.52  -463.68
  -235.52  250.24  -463.68
  -235.52  14.72  -463.68
  -235.52  237.36  -471.04
  -235.52  237.36  -471.04
  -231.84  264.96  -456.32
   
-322.92  66.24  -147.20
  -350.52  235.52  -176.64
  -469.20  294.40  44.16
  -338.56  251.16  -235.52
  -454.48  251.16  -235.52
  -335.80  309.12  -235.52
  -352.36  235.52  -235.52
  -353.28  305.44  -353.28
  -471.04  235.52  -353.28
  -471.04  0.00  0.00
  -353.28  0.00  -352.36
  -467.36  235.52  -322.92
  -353.28  235.52  0.00
  -353.28  235.52  -353.28
  -353.28  235.52  -322.92
  -353.28  235.52  -308.20
  -347.76  294.40  0.00
  -349.60  294.40  0.00
  -465.52  301.76  0.00
  -353.28  235.52  0.00
  -349.60  235.52  4.60
  -467.36  294.40  0.92
  -415.84  235.52  62.56
  -471.04  236.44  58.88
   
-349.60  0.92  235.52
  -349.60  236.44  235.52
  -467.36  235.52  15.64
  -471.04  236.44  250.24
  -412.16  236.44  236.44
  -471.04  235.52  235.52
  -471.04  235.52  299.92
  -471.04  0.00  5.52
  -471.04  0.00  5.52
  -412.16  0.00  7.36
  -471.04  3.68  0.00
  -353.28  3.68  0.00
  -294.40  11.04  7.36
  -412.16  7.36  0.00
  -294.40  3.68  0.00
  -463.68  0.00  117.76
  -404.80  62.56  125.12
  -234.60  14.72  36.80
  -234.60  66.24  44.16
  -235.52  69.00  132.48
  -235.52  69.00  147.20
  -234.60  66.24  0.00
  -235.52  0.00  132.48
  -147.20  62.56  118.68
   
7.36  121.44  353.28
  36.80  117.76  353.28
  9.20  147.20  235.52
  66.24  137.08  264.96
  7.36  122.36  382.72
  68.08  133.40  353.28
  88.32  133.40  382.72
  29.44  14.72  147.20
  58.88  0.00  0.00
  0.00  0.00  117.76
  58.88  3.68  0.00
  58.88  0.00  132.48
  88.32  0.00  119.60
  29.44  0.00  132.48
  58.88  0.00  117.76
  29.44  18.40  132.48
  11.04  77.28  132.48
  36.80  0.00  58.88
  1.84  77.28  73.60
  29.44  73.60  117.76
  9.20  62.56  132.48
  11.04  62.56  14.72
  11.96  0.00  117.76
  125.12  3.68  125.12
   
58.88  0.00  353.28
  121.44  0.00  353.28
  7.36  0.00  235.52
  176.64  0.00  235.52
  125.12  0.00  353.28
  184.00  0.00  353.28
  184.00  0.00  353.28
  121.44  0.00  117.76
  0.00  0.00  0.92
  0.00  0.00  118.68
  14.72  0.00  29.44
  117.76  0.00  117.76
  0.00  0.00  147.20
  0.00  0.00  147.20
  3.68  0.00  147.20
  121.44  0.00  117.76
  161.92  0.00  177.56
  29.44  0.00  58.88
  161.92  0.00  117.76
  132.48  14.72  125.12
  0.00  14.72  176.64
  0.00  88.32  9.20
  34.96  36.80  177.56
  136.16  7.36  119.60
   
0.00  58.88  237.36
  14.72  58.88  360.64
  14.72  0.00  244.72
  14.72  58.88  244.72
  0.00  58.88  360.64
  0.00  58.88  353.28
  0.00  1.84  354.20
  4.60  0.00  117.76
  78.20  -58.88  0.00
  60.72  117.76  147.20
  60.72  58.88  29.44
  192.28  -103.04  118.68
  177.56  -117.76  148.12
  0.92  14.72  117.76
  66.24  -84.64  117.76
  0.00  33.12  117.76
  8.28  44.16  179.40
  0.00  14.72  59.80
  0.00  14.72  59.80
  0.00  14.72  117.76
  7.36  0.00  117.76
  8.28  29.44  0.00
  7.36  29.44  117.76
  0.00  8.28  125.12
   
235.52  117.76  242.88
  250.24  -88.32  364.32
  264.96  -110.40  117.76
  235.52  -110.40  235.52
  235.52  -110.40  360.64
  239.20  -117.76  235.52
  235.52  -117.76  353.28
  239.20  -235.52  117.76
  235.52  -233.68  44.16
  236.44  1.84  14.72
  238.28  -235.52  14.72
  237.36  -147.20  29.44
  235.52  -169.28  29.44
  237.36  -235.52  0.00
  235.52  -172.04  36.80
  237.36  -172.04  7.36
  235.52  -231.84  125.12
  235.52  -172.96  0.00
  235.52  -176.64  0.00
  235.52  -176.64  0.00
  235.52  -412.16  0.00
  235.52  -176.64  14.72
  235.52  -235.52  14.72
  235.52  -176.64  14.72
   
368.00  0.00  0.00
  353.28  -231.84  0.00
  368.00  -231.84  0.00
  368.00  -231.84  0.00
  368.00  -235.52  0.00
  368.00  -235.52  0.00
  368.00  -231.84  0.00
  0.00  -455.40  147.20
  29.44  -455.40  88.32
  14.72  -471.04  147.20
  0.00  -470.12  58.88
  397.44  -455.40  147.20
  353.28  -294.40  29.44
  0.00  -439.76  33.12
  0.00  -322.00  33.12
  0.00  -439.76  0.00
  0.00  -439.76  3.68
  0.00  -471.04  3.68
  0.00  -441.60  3.68
  0.00  -471.04  33.12
  0.92  -471.04  33.12
  0.92  -471.04  92.00
  0.92  -471.04  58.88
  0.00  -471.04  29.44
   
0.00  -469.20  -58.88
  0.00  -471.04  -58.88
  0.00  -353.28  235.52
  0.00  -353.28  -117.76
  0.00  -469.20  -103.04
  0.00  -471.04  134.32
  0.00  -345.92  -103.04
  0.00  -470.12  -335.80
  1.84  -470.12  -307.28
  1.84  -454.48  0.00
  0.00  -397.44  -345.92
  382.72  -408.48  -345.92
  382.72  -408.48  -352.36
  390.08  -471.04  -345.92
  7.36  -412.16  -345.00
  382.72  -408.48  -352.36
  354.20  -471.04  -353.28
  0.00  -467.36  14.72
  353.28  -471.04  -471.04
  382.72  -467.36  -353.28
  354.20  -938.40  -338.56
  0.00  -471.04  -470.12
  0.00  -471.04  -346.84
  382.72  -471.04  -353.28
   
382.72  -404.80  -235.52
  382.72  -412.16  -235.52
  382.72  -456.32  0.00
  360.64  -345.92  -233.68
  363.40  -471.04  -233.68
  363.40  -345.92  -235.52
  354.20  -353.28  -235.52
  383.64  -471.04  -456.32
  0.00  -463.68  -471.04
  382.72  -471.04  -469.20
  29.44  -471.04  -471.04
  382.72  -469.20  -471.04
  382.72  -469.20  -469.20
  382.72  -471.04  -469.20
  0.00  -469.20  -471.04
  382.72  -471.04  -469.20
  355.12  -471.04  -469.20
  0.00  -471.04  -463.68
  353.28  -471.04  -471.04
  382.72  -471.04  -471.04
  353.28  -471.04  -471.04
  1.84  -471.04  -471.04
  1.84  -471.04  -471.04
  382.72  -471.04  -471.04
   
268.64  -471.04  -469.20
  239.20  -471.04  -471.04
  250.24  -471.04  -412.16
  253.92  -470.12  -412.16
  235.52  -471.04  -471.04
  239.20  -471.04  -437.92
  239.20  -471.04  -407.56
  3.68  -471.04  -941.16
  0.00  -352.36  -942.08
  0.00  -471.04  -941.16
  58.88  -463.68  -939.32
  176.64  -345.92  -939.32
  176.64  -345.92  -941.16
  147.20  -353.28  -942.08
  29.44  -353.28  -942.08
  160.08  -470.12  -931.04
  121.44  -469.20  -934.72
  12.88  -471.04  -920.00
  42.32  -468.28  -938.40
  117.76  -471.04  -938.40
  147.20  -471.04  -942.08
  0.00  -471.04  -940.24
  0.00  -471.04  -938.40
  117.76  -471.04  -942.08
   
0.00  -463.68  -942.08
  0.00  -471.04  -942.08
  0.00  -471.04  -942.08
  0.00  -471.04  -942.08
  0.00  -463.68  -942.08
  0.92  -471.04  -942.08
  0.92  -463.68  -942.08
  0.00  -441.60  -942.08
  29.44  -471.04  -912.64
  0.00  -323.84  -941.16
  33.12  -467.36  -912.64
  33.12  -349.60  -677.12
  0.00  -467.36  -942.08
  33.12  -471.04  -677.12
  29.44  -294.40  -911.72
  29.44  -412.16  -676.20
  0.00  -470.12  -942.08
  14.72  -456.32  -912.64
  44.16  -412.16  -677.12
  0.00  -467.36  -686.32
  29.44  -342.24  -706.56
  0.00  -463.68  -686.32
  0.00  -437.92  -702.88
  0.00  -471.04  -702.88
   
2.76  0.92  -942.08
  14.72  0.92  -942.08
  14.72  1.84  -942.08
  0.00  60.72  -942.08
  14.72  62.56  -942.08
  15.64  59.80  -942.08
  14.72  59.80  -941.16
  14.72  59.80  -942.08
  1.84  0.92  -941.16
  1.84  0.00  -941.16
  0.00  0.92  -912.64
  16.56  0.00  -941.16
  1.84  0.00  -909.88
  16.56  0.00  -674.36
  14.72  0.00  -942.08
  0.00  0.00  -942.08
  0.00  14.72  -942.08
  0.00  16.56  -942.08
  29.44  60.72  -942.08
  0.00  1.84  -942.08
  0.00  14.72  -942.08
  0.00  0.00  -940.24
  29.44  0.00  -942.08
  29.44  0.00  -936.56
   
0.00  0.00  -456.32
  0.00  14.72  -926.44
  0.00  0.00  -470.12
  0.00  0.00  -456.32
  0.00  16.56  -470.12
  0.00  1.84  -926.44
  0.00  1.84  -926.44
  0.00  16.56  -942.08
  0.00  80.96  -931.04
  58.88  0.00  -938.40
  59.80  0.00  -923.68
  58.88  0.00  -927.36
  59.80  0.00  -923.68
  0.92  0.00  -938.40
  0.92  0.00  -942.08
  0.92  0.00  -923.68
  58.88  0.00  -927.36
  0.00  0.00  -942.08
  7.36  0.00  -927.36
  31.28  0.00  -927.36
  29.44  0.00  -942.08
  1.84  0.00  -942.08
  44.16  0.00  -942.08
  31.28  0.00  -942.08
   
29.44  235.52  -347.76
  29.44  0.92  -465.52
  14.72  239.20  -352.36
  33.12  235.52  -353.28
  18.40  250.24  -353.28
  34.96  0.00  -816.96
  58.88  237.36  -471.04
  58.88  0.00  -824.32
  0.00  11.04  -912.64
  0.00  30.36  -883.20
  58.88  34.04  -765.44
  58.88  3.68  -765.44
  58.88  36.80  -934.72
  4.60  7.36  -758.08
  70.84  36.80  -934.72
  0.00  0.00  -765.44
  0.92  0.00  -765.44
  0.00  0.00  -853.76
  4.60  4.60  -824.32
  3.68  0.92  -765.44
  4.60  121.44  -736.00
  0.00  4.60  -787.52
  0.92  0.00  -758.08
  34.04  235.52  -467.36
   
38.64  0.92  -235.52
  29.44  235.52  -471.04
  0.00  235.52  0.00
  31.28  235.52  -463.68
  29.44  235.52  -233.68
  29.44  236.44  -235.52
  31.28  236.44  -235.52
  40.48  242.88  -471.04
  93.84  242.88  -469.20
  88.32  0.00  -471.04
  12.88  235.52  -471.04
  12.88  235.52  -463.68
  3.68  235.52  -471.04
  117.76  252.08  -471.04
  121.44  235.52  -412.16
  132.48  252.08  -412.16
  118.68  237.36  -410.32
  15.64  259.44  -379.04
  15.64  235.52  -471.04
  132.48  237.36  -410.32
  132.48  23.92  -408.48
  0.92  259.44  -469.20
  0.92  244.72  -382.72
  132.48  250.24  -471.04
   
0.00  0.00  -231.84
  161.92  235.52  -235.52
  14.72  235.52  0.00
  147.20  235.52  -235.52
  132.48  250.24  -235.52
  122.36  250.24  -235.52
  148.12  251.16  -235.52
  147.20  250.24  -471.04
  29.44  237.36  -471.04
  0.00  0.00  -440.68
  44.16  253.92  -441.60
  149.04  235.52  -471.04
  117.76  239.20  -441.60
  161.92  250.24  -441.60
  30.36  239.20  -441.60
  161.92  250.24  -441.60
  0.00  242.88  -353.28
  44.16  257.60  0.00
  132.48  242.88  -467.36
  123.28  242.88  -423.20
  163.76  7.36  -334.88
  22.08  235.52  -470.12
  9.20  257.60  -352.36
  126.96  250.24  -352.36
   
8.28  9.20  0.00
  0.00  250.24  1.84
  237.36  241.04  1.84
  0.00  239.20  0.00
  0.00  255.76  0.00
  235.52  255.76  0.00
  235.52  253.92  1.84
  235.52  0.00  0.92
  235.52  0.00  -205.16
  235.52  31.28  0.92
  235.52  29.44  -234.60
  0.00  1.84  0.00
  235.52  1.84  30.36
  235.52  1.84  -205.16
  235.52  29.44  29.44
  235.52  0.00  29.44
  235.52  0.00  0.00
  239.20  0.00  29.44
  0.00  0.00  0.00
  239.20  0.00  29.44
  239.20  117.76  3.68
  235.52  0.00  3.68
  239.20  0.00  0.00
  235.52  8.28  3.68
   
235.52  59.80  117.76
  236.44  58.88  117.76
  235.52  29.44  0.00
  235.52  0.92  177.56
  0.00  29.44  0.92
  237.36  0.00  132.48
  235.52  0.00  0.00
  235.52  0.00  0.00
  235.52  125.12  29.44
  240.12  0.00  30.36
  240.12  0.00  30.36
  0.00  117.76  0.92
  239.20  125.12  0.92
  239.20  126.04  0.92
  239.20  126.04  0.92
  239.20  7.36  0.92
  235.52  0.00  3.68
  235.52  0.00  0.92
  33.12  0.00  59.80
  3.68  0.00  0.00
  3.68  0.00  0.92
  29.44  0.00  0.92
  29.44  0.00  59.80
  33.12  0.00  0.92
   
23.92  125.12  353.28
  14.72  147.20  382.72
  14.72  147.20  235.52
  73.60  117.76  264.96
  7.36  147.20  1.84
  9.20  125.12  383.64
  55.20  117.76  412.16
  18.40  0.00  235.52
  14.72  3.68  235.52
  36.80  0.00  235.52
  36.80  1.84  235.52
  -110.40  0.00  0.00
  -88.32  0.00  1.84
  -88.32  0.00  237.36
  0.00  0.00  259.44
  -110.40  60.72  0.00
  -110.40  60.72  14.72
  -88.32  22.08  0.00
  -206.08  7.36  0.00
  -235.52  0.00  29.44
  -235.52  0.00  0.92
  -206.08  0.00  0.00
  -235.52  0.00  0.00
  -233.68  29.44  0.92
   
-117.76  1.84  1.84
  -235.52  0.00  471.04
  -117.76  0.00  472.88
  -117.76  0.00  1.84
  -235.52  1.84  472.88
  -117.76  0.00  1.84
  0.00  30.36  0.00
  -233.68  0.92  0.00
  -235.52  -57.04  14.72
  -231.84  58.88  0.00
  -231.84  58.88  14.72
  -230.00  -56.12  0.00
  -233.68  -58.88  14.72
  -231.84  1.84  14.72
  -233.68  -117.76  0.00
  -230.00  0.00  0.00
  -172.96  0.00  62.56
  -176.64  7.36  11.04
  -231.84  22.08  7.36
  -231.84  14.72  7.36
  -117.76  0.00  58.88
  3.68  0.00  0.00
  -117.76  -110.40  0.00
  -110.40  -114.08  0.00
   
0.00  7.36  0.00
  0.00  -206.08  471.04
  0.00  -235.52  485.76
  0.00  -206.08  14.72
  3.68  -235.52  471.04
  5.52  -235.52  471.04
  1.84  -235.52  471.04
  0.00  -224.48  0.00
  66.24  -207.00  29.44
  66.24  -230.92  29.44
  0.00  -217.12  0.00
  0.00  -211.60  0.00
  1.84  -448.96  0.00
  0.00  -216.20  0.00
  1.84  -454.48  0.00
  0.92  -471.04  14.72
  0.00  -471.04  73.60
  0.92  -353.28  0.00
  3.68  -353.28  58.88
  3.68  -353.28  0.00
  0.00  -471.04  0.00
  1.84  -467.36  58.88
  0.00  -349.60  0.00
  1.84  -353.28  0.00
   
7.36  -471.04  279.68
  23.92  -469.20  353.28
  0.00  -907.12  132.48
  0.00  -942.08  235.52
  36.80  -942.08  353.28
  36.80  -942.08  250.24
  7.36  -942.08  250.24
  0.00  -942.08  132.48
  62.56  -581.44  3.68
  62.56  -942.08  14.72
  73.60  -942.08  3.68
  58.88  -588.80  3.68
  62.56  -581.44  14.72
  29.44  -706.56  18.40
  0.00  -706.56  24.84
  0.92  -706.56  17.48
  0.00  -706.56  4.60
  60.72  -647.68  0.00
  0.00  -647.68  0.00
  73.60  -706.56  0.00
  14.72  -942.08  0.00
  14.72  -706.56  0.00
  58.88  -706.56  29.44
  14.72  -706.56  0.00
   
0.00  -940.24  14.72
  0.00  -704.72  3.68
  0.00  -704.72  14.72
  7.36  -691.84  14.72
  7.36  -706.56  18.40
  0.00  -704.72  18.40
  0.00  -706.56  18.40
  0.00  -704.72  14.72
  58.88  -706.56  -338.56
  0.00  -912.64  -338.56
  58.88  -706.56  -426.88
  177.56  -640.32  -456.32
  188.60  -640.32  -441.60
  11.04  -640.32  -426.88
  63.48  -704.72  -471.04
  29.44  -704.72  -471.04
  29.44  -706.56  -441.60
  7.36  -706.56  -462.76
  58.88  -618.24  -462.76
  58.88  -706.56  -460.92
  0.00  -677.12  -404.80
  0.00  -599.84  -463.68
  60.72  -677.12  -404.80
  60.72  -677.12  -471.04
   
235.52  -942.08  -412.16
  237.36  -942.08  -412.16
  241.04  -942.08  0.00
  236.44  -463.68  -294.40
  241.96  -471.04  -471.04
  238.28  -471.04  -353.28
  238.28  -463.68  -294.40
  238.28  -471.04  -471.04
  274.16  -471.04  -456.32
  235.52  -471.04  -470.12
  235.52  -471.04  -471.04
  242.88  -471.04  -456.32
  294.40  -471.04  -471.04
  235.52  -471.04  -456.32
  294.40  -471.04  -456.32
  239.20  -471.04  -471.04
  235.52  -471.04  -471.04
  235.52  -471.04  -471.04
  252.08  -471.04  -471.04
  237.36  -471.04  -469.20
  252.08  -942.08  -469.20
  250.24  -412.16  -463.68
  237.36  -412.16  -470.12
  235.52  -412.16  -467.36
   
242.88  -345.92  -353.28
  250.24  -448.96  -338.56
  235.52  -338.56  3.68
  257.60  -338.56  -349.60
  250.24  -349.60  -353.28
  235.52  -334.88  -353.28
  235.52  -353.28  -353.28
  242.88  -467.36  -824.32
  242.88  -466.44  -794.88
  236.44  -469.20  -942.08
  280.60  -471.04  -809.60
  280.60  -469.20  -809.60
  264.96  -470.12  -824.32
  235.52  -470.12  -824.32
  235.52  -470.12  -824.32
  242.88  -436.08  -942.08
  242.88  -439.76  -824.32
  257.60  -468.28  -823.40
  257.60  -469.20  -823.40
  242.88  -470.12  -941.16
  250.24  -469.20  -912.64
  250.24  -465.52  -912.64
  235.52  -471.04  -897.92
  235.52  -436.08  -908.96
   
7.36  -471.04  -471.04
  0.00  -471.04  -471.04
  0.00  -471.04  -469.20
  148.12  -471.04  -471.04
  117.76  -471.04  -471.04
  118.68  -462.76  -471.04
  147.20  -471.04  -471.04
  147.20  -470.12  -912.64
  0.00  -352.36  -912.64
  121.44  -471.04  -911.72
  0.00  -471.04  -942.08
  0.00  -353.28  -942.08
  117.76  -353.28  -940.24
  132.48  -353.28  -940.24
  14.72  -353.28  -942.08
  117.76  -469.20  -942.08
  119.60  -463.68  -942.08
  117.76  -471.04  -942.08
  1.84  -471.04  -942.08
  0.00  -471.04  -941.16
  3.68  -471.04  -941.16
  34.04  -471.04  -942.08
  34.04  -463.68  -942.08
  45.08  -463.68  -942.08
   
0.00  3.68  -905.28
  1.84  -235.52  -522.56
  0.00  -233.68  -677.12
  0.00  -220.80  -500.48
  0.00  -220.80  -934.72
  0.00  -218.96  -529.92
  0.00  -233.68  -528.08
  36.80  -233.68  -706.56
  31.28  -235.52  -938.40
  0.00  1.84  -937.48
  29.44  -233.68  -938.40
  29.44  -233.68  -702.88
  0.00  -232.76  -938.40
  44.16  -218.04  -706.56
  44.16  -233.68  -938.40
  0.00  -235.52  -699.20
  0.00  -233.68  -937.48
  0.00  -235.52  -942.08
  0.00  -234.60  -697.36
  0.00  -235.52  -684.48
  0.00  -471.04  -697.36
  0.00  -219.88  -682.64
  0.00  -219.88  -691.84
  0.00  -175.72  -677.12
   
122.36  88.32  -471.04
  3.68  -176.64  -942.08
  117.76  -202.40  -470.12
  119.60  -206.08  -471.04
  0.00  -147.20  -468.28
  118.68  -147.20  -942.08
  132.48  -147.20  -942.08
  132.48  -176.64  -942.08
  0.00  -235.52  -939.32
  117.76  1.84  -940.24
  0.00  -176.64  -939.32
  117.76  -176.64  -939.32
  117.76  -176.64  -939.32
  117.76  -235.52  -939.32
  0.00  -206.08  -940.24
  121.44  -220.80  -935.64
  117.76  -220.80  -940.24
  0.00  -220.80  -936.56
  121.44  -235.52  -942.08
  147.20  -220.80  -941.16
  117.76  -456.32  -938.40
  0.00  -235.52  -942.08
  30.36  -235.52  -942.08
  117.76  -235.52  -942.08
   
117.76  15.64  -467.36
  7.36  -235.52  -942.08
  125.12  -235.52  -471.04
  117.76  -233.68  -471.04
  2.76  -233.68  -471.04
  118.68  -233.68  -938.40
  120.52  -233.68  -941.16
  120.52  -235.52  -942.08
  10.12  -231.84  -942.08
  133.40  -465.52  -934.72
  0.92  -469.20  -934.72
  135.24  -467.36  -934.72
  117.76  -437.92  -934.72
  132.48  -470.12  -942.08
  14.72  -440.68  -934.72
  133.40  -470.12  -942.08
  133.40  -436.08  -942.08
  4.60  -408.48  -942.08
  0.00  -379.04  -940.24
  117.76  -471.04  -942.08
  132.48  -471.04  -941.16
  14.72  -379.04  -942.08
  14.72  -467.36  -942.08
  117.76  -467.36  -942.08
   
117.76  -220.80  -471.04
  123.28  -467.36  -942.08
  125.12  -233.68  -471.04
  117.76  -218.96  -471.04
  14.72  -235.52  -467.36
  132.48  -235.52  -938.40
  117.76  -235.52  -942.08
  132.48  -454.48  -942.08
  0.00  -454.48  -942.08
  132.48  -471.04  -942.08
  22.08  -463.68  -942.08
  139.84  -471.04  -942.08
  125.12  -471.04  -942.08
  132.48  -471.04  -942.08
  14.72  -471.04  -942.08
  117.76  -456.32  -942.08
  117.76  -471.04  -941.16
  7.36  -456.32  -934.72
  14.72  -410.32  -942.08
  118.68  -471.04  -942.08
  136.16  -456.32  -942.08
  0.92  -395.60  -942.08
  19.32  -454.48  -942.08
  118.68  -469.20  -942.08
   
58.88  2.76  -471.04
  58.88  -234.60  -942.08
  58.88  -234.60  -471.04
  29.44  -234.60  -942.08
  14.72  -234.60  -471.04
  14.72  -235.52  -942.08
  29.44  -233.68  -942.08
  44.16  -235.52  -942.08
  88.32  -220.80  -940.24
  73.60  0.00  -942.08
  103.04  -220.80  -942.08
  103.04  -220.80  -940.24
  0.00  -235.52  -942.08
  44.16  -235.52  -942.08
  88.32  -234.60  -942.08
  44.16  -220.80  -942.08
  14.72  -235.52  -927.36
  29.44  -220.80  -927.36
  7.36  -235.52  -927.36
  29.44  -234.60  -941.16
  14.72  -470.12  -942.08
  29.44  -235.52  -938.40
  44.16  -235.52  -942.08
  44.16  -235.52  -942.08