0.00  33.12  -942.08
  0.00  -231.84  -942.08
  3.68  -206.08  -942.08
  0.00  -202.40  -942.08
  0.00  -202.40  -942.08
  0.00  -204.24  -941.16
  0.00  -204.24  -941.16
  0.00  -235.52  -941.16
  4.60  -228.16  -912.64
  5.52  0.00  -942.08
  58.88  -235.52  -911.72
  62.56  -235.52  -676.20
  63.48  -235.52  -941.16
  0.00  -233.68  -677.12
  58.88  -233.68  -912.64
  0.00  -228.16  -677.12
  0.00  -228.16  -942.08
  0.00  -235.52  -936.56
  0.92  -235.52  -697.36
  0.92  -235.52  -680.80
  0.00  -470.12  -691.84
  0.00  -235.52  -942.08
  0.00  -234.60  -942.08
  0.00  -235.52  -942.08
   
7.36  32.20  -942.08
  0.00  -235.52  -941.16
  0.00  -206.08  -941.16
  0.00  -206.08  -942.08
  0.00  -220.80  -940.24
  0.00  -220.80  -941.16
  0.00  -220.80  -939.32
  0.00  -235.52  -942.08
  59.80  -235.52  -912.64
  15.64  -235.52  -942.08
  74.52  -235.52  -912.64
  74.52  -235.52  -677.12
  59.80  -235.52  -942.08
  17.48  -235.52  -677.12
  60.72  -235.52  -912.64
  0.00  -233.68  -942.08
  0.00  -233.68  -938.40
  0.00  -235.52  -942.08
  0.00  -235.52  -942.08
  0.00  -235.52  -941.16
  0.00  -467.36  -942.08
  0.00  -235.52  -941.16
  0.00  -233.68  -941.16
  0.00  -235.52  -941.16
   
9.20  29.44  -942.08
  0.00  -235.52  -942.08
  11.04  -206.08  -942.08
  0.00  -206.08  -942.08
  0.00  -206.08  -940.24
  7.36  -206.08  -942.08
  9.20  -204.24  -942.08
  1.84  -235.52  -940.24
  58.88  -235.52  -912.64
  0.00  -228.16  -942.08
  58.88  -235.52  -912.64
  58.88  -228.16  -677.12
  58.88  -235.52  -942.08
  0.00  -235.52  -677.12
  58.88  -228.16  -912.64
  0.00  -235.52  -942.08
  0.00  -235.52  -941.16
  14.72  -234.60  -941.16
  0.00  -234.60  -942.08
  1.84  -235.52  -940.24
  3.68  -471.04  -942.08
  5.52  -235.52  -942.08
  14.72  -235.52  -942.08
  0.00  -235.52  -942.08
   
9.20  29.44  -940.24
  1.84  -235.52  -942.08
  7.36  -206.08  -942.08
  0.00  -206.08  -942.08
  0.00  -202.40  -942.08
  7.36  -202.40  -934.72
  0.00  -206.08  -942.08
  7.36  -235.52  -942.08
  11.04  -228.16  -912.64
  3.68  0.00  -942.08
  69.92  -228.16  -912.64
  58.88  -228.16  -677.12
  58.88  -235.52  -942.08
  9.20  -235.52  -677.12
  66.24  -228.16  -912.64
  10.12  -235.52  -942.08
  11.04  -235.52  -942.08
  14.72  -235.52  -942.08
  0.00  -235.52  -942.08
  14.72  -235.52  -942.08
  14.72  -471.04  -942.08
  14.72  -235.52  -941.16
  18.40  -235.52  -942.08
  0.00  -235.52  -942.08
   
1.84  29.44  -938.40
  1.84  -235.52  -942.08
  7.36  -202.40  -936.56
  7.36  -202.40  -936.56
  0.00  -206.08  -940.24
  7.36  -198.72  -942.08
  7.36  -198.72  -942.08
  0.00  -228.16  -942.08
  58.88  -227.24  -910.80
  58.88  0.00  -942.08
  58.88  -227.24  -910.80
  58.88  -235.52  -677.12
  88.32  -235.52  -940.24
  0.00  -234.60  -675.28
  58.88  -235.52  -910.80
  29.44  -235.52  -942.08
  0.00  -228.16  -942.08
  0.00  -235.52  -942.08
  29.44  -228.16  -942.08
  0.00  -228.16  -942.08
  0.00  -471.04  -942.08
  0.00  -228.16  -931.04
  58.88  -228.16  -938.40
  58.88  -235.52  -934.72
   
147.20  7.36  -471.04
  147.20  -463.68  -942.08
  152.72  -235.52  -471.04
  125.12  -234.60  -467.36
  125.12  -234.60  -471.04
  125.12  -235.52  -938.40
  147.20  -235.52  -467.36
  0.00  -471.04  -927.36
  29.44  -463.68  -942.08
  14.72  -471.04  -942.08
  0.00  -471.04  -927.36
  117.76  -471.04  -942.08
  119.60  -466.44  -932.88
  119.60  -470.12  -940.24
  1.84  -471.04  -932.88
  1.84  -411.24  -920.00
  0.00  -471.04  -942.08
  0.00  -471.04  -942.08
  3.68  -412.16  -942.08
  3.68  -412.16  -927.36
  0.00  -412.16  -934.72
  3.68  -412.16  -927.36
  3.68  -412.16  -927.36
  3.68  -412.16  -942.08
   
0.00  -448.96  -471.04
  0.00  -456.32  -471.04
  7.36  -471.04  -456.32
  0.00  -471.04  -471.04
  7.36  -471.04  -411.24
  0.00  -467.36  -471.04
  29.44  -471.04  -471.04
  45.08  -471.04  -942.08
  89.24  -353.28  -933.80
  59.80  -353.28  -933.80
  103.04  -471.04  -931.04
  224.48  -349.60  -938.40
  224.48  -353.28  -934.72
  29.44  -353.28  -942.08
  88.32  -349.60  -938.40
  44.16  -467.36  -940.24
  0.00  -466.44  -940.24
  7.36  -467.36  -942.08
  3.68  -471.04  -942.08
  3.68  -471.04  -940.24
  0.00  -471.04  -942.08
  0.00  -471.04  -942.08
  29.44  -471.04  -942.08
  29.44  -456.32  -942.08
   
0.00  -412.16  -469.20
  0.00  -397.44  -410.32
  0.00  -471.04  -469.20
  7.36  -463.68  -412.16
  18.40  -410.32  -471.04
  5.52  -410.32  -466.44
  3.68  -410.32  -412.16
  14.72  -469.20  -942.08
  1.84  -441.60  -927.36
  1.84  -437.92  -926.44
  62.56  -471.04  -942.08
  184.00  -467.36  -938.40
  176.64  -471.04  -942.08
  0.00  -467.36  -942.08
  58.88  -470.12  -942.08
  0.00  -466.44  -927.36
  0.00  -471.04  -942.08
  0.00  -471.04  -927.36
  0.00  -471.04  -942.08
  0.00  -469.20  -925.52
  3.68  -940.24  -942.08
  0.00  -466.44  -940.24
  3.68  -467.36  -919.08
  117.76  -465.52  -941.16
   
117.76  -883.20  -470.12
  117.76  -881.36  -471.04
  121.44  -942.08  -462.76
  0.00  -942.08  -470.12
  0.00  -875.84  -463.68
  117.76  -883.20  -462.76
  117.76  -875.84  -471.04
  117.76  -942.08  -933.80
  0.92  -927.36  -941.16
  139.84  -824.32  -890.56
  26.68  -883.20  -824.32
  117.76  -529.92  -824.32
  117.76  -942.08  -824.32
  139.84  -905.28  -824.32
  0.00  -552.00  -824.32
  117.76  -912.64  -816.96
  122.36  -897.00  -822.48
  3.68  -897.92  -934.72
  119.60  -911.72  -942.08
  126.96  -942.08  -823.40
  126.96  -941.16  -816.96
  7.36  -911.72  -920.00
  0.00  -941.16  -801.32
  117.76  -941.16  -816.96
   
0.00  -883.20  -471.04
  58.88  -647.68  -471.04
  0.00  -706.56  0.00
  7.36  -897.92  -451.72
  0.00  -691.84  -456.32
  51.52  -675.28  -471.04
  14.72  -677.12  -471.04
  14.72  -675.28  -466.44
  58.88  -706.56  -463.68
  60.72  -942.08  -471.04
  58.88  -706.56  -463.68
  1.84  -706.56  -471.04
  58.88  -706.56  -471.04
  0.00  -691.84  -471.04
  58.88  -706.56  -471.04
  0.00  -706.56  -471.04
  0.00  -706.56  -468.28
  0.00  -706.56  -469.20
  0.00  -702.88  -468.28
  0.00  -702.88  -439.76
  0.00  -942.08  -434.24
  0.00  -701.04  -432.40
  1.84  -897.92  -349.60
  1.84  -897.92  -348.68
   
117.76  -920.00  1.84
  117.76  -669.76  22.08
  119.60  -662.40  7.36
  119.60  -699.20  7.36
  29.44  -673.44  0.00
  117.76  -655.04  0.00
  117.76  -699.20  58.88
  117.76  -695.52  7.36
  16.56  -699.20  14.72
  1.84  -706.56  0.00
  14.72  -706.56  0.00
  16.56  -699.20  14.72
  16.56  -699.20  0.00
  16.56  -699.20  0.00
  16.56  -691.84  22.08
  1.84  -691.84  22.08
  0.00  -691.84  0.00
  60.72  -682.64  14.72
  0.00  -699.20  0.00
  88.32  -706.56  0.00
  30.36  -940.24  14.72
  0.00  -673.44  58.88
  60.72  -701.04  73.60
  0.00  -702.88  14.72
   
125.12  -927.36  31.28
  23.00  -574.08  274.16
  133.40  -574.08  1.84
  117.76  -588.80  242.88
  0.00  -588.80  242.88
  118.68  -588.80  242.88
  117.76  -942.08  244.72
  117.76  -942.08  1.84
  0.00  -588.80  1.84
  128.80  -585.12  0.00
  0.00  -938.40  0.00
  117.76  -585.12  0.00
  128.80  -587.88  0.00
  117.76  -942.08  0.00
  3.68  -584.20  0.00
  117.76  -938.40  36.80
  117.76  -934.72  30.36
  0.00  -938.40  36.80
  154.56  -942.08  1.84
  0.00  -942.08  9.20
  8.28  -927.36  123.28
  0.92  -883.20  119.60
  0.00  -936.56  132.48
  0.92  -936.56  17.48
   
239.20  -470.12  244.72
  0.00  -471.04  237.36
  235.52  -470.12  7.36
  250.24  -471.04  235.52
  0.00  -470.12  235.52
  250.24  -471.04  272.32
  236.44  -471.04  323.84
  236.44  -471.04  30.36
  236.44  -441.60  0.92
  235.52  -470.12  0.00
  235.52  -412.16  22.08
  239.20  -410.32  0.92
  253.92  -412.16  8.28
  250.24  -410.32  0.00
  239.20  -471.04  11.04
  235.52  -471.04  0.00
  235.52  -412.16  0.00
  235.52  -471.04  0.00
  235.52  -471.04  0.00
  235.52  -353.28  44.16
  235.52  -471.04  58.88
  235.52  -470.12  44.16
  235.52  -353.28  58.88
  235.52  -352.36  29.44
   
0.00  0.00  14.72
  354.20  -411.24  14.72
  0.92  -470.12  14.72
  1.84  -235.52  0.00
  1.84  -235.52  136.16
  0.00  -235.52  3.68
  14.72  -231.84  26.68
  1.84  -233.68  6.44
  58.88  -235.52  64.40
  1.84  -235.52  0.92
  58.88  -233.68  5.52
  412.16  -232.76  0.92
  235.52  -470.12  2.76
  3.68  -235.52  0.00
  3.68  -233.68  0.00
  0.92  -232.76  0.00
  7.36  -219.88  31.28
  15.64  -235.52  7.36
  0.92  -228.16  0.00
  0.00  -235.52  0.00
  0.00  -471.04  60.72
  0.00  -235.52  88.32
  0.92  -235.52  73.60
  0.00  -235.52  0.00
   
29.44  0.92  -117.76
  29.44  -234.60  147.20
  31.28  -235.52  235.52
  1.84  -220.80  -117.76
  29.44  -220.80  -115.92
  29.44  -231.84  -233.68
  29.44  -235.52  -235.52
  0.00  -235.52  -439.76
  58.88  -235.52  -469.20
  15.64  0.00  -469.20
  73.60  -235.52  -441.60
  413.08  -235.52  -439.76
  426.88  -235.52  -471.04
  414.00  -231.84  -441.60
  0.00  -235.52  -441.60
  353.28  -233.68  -470.12
  368.00  -206.08  -411.24
  14.72  -206.08  -471.04
  353.28  -206.08  -471.04
  390.08  -235.52  -470.12
  353.28  -471.04  -470.12
  7.36  -204.24  -471.04
  0.00  -235.52  -471.04
  375.36  -235.52  -471.04
   
235.52  0.00  -351.44
  235.52  -219.88  -353.28
  235.52  -235.52  -351.44
  259.44  -231.84  -470.12
  257.60  -219.88  -352.36
  252.08  -231.84  -471.04
  235.52  -219.88  -471.04
  252.08  -235.52  -824.32
  58.88  -235.52  -822.48
  237.36  0.92  -942.08
  69.92  -234.60  -941.16
  301.76  -235.52  -920.00
  294.40  -235.52  -905.28
  301.76  -235.52  -897.92
  242.88  -235.52  -897.92
  235.52  -235.52  -934.72
  250.24  -218.04  -824.32
  264.96  -218.96  -822.48
  235.52  -219.88  -940.24
  264.96  -235.52  -942.08
  235.52  -470.12  -942.08
  235.52  -219.88  -940.24
  253.92  -235.52  -941.16
  251.16  -234.60  -934.72
   
8.28  0.92  -466.44
  0.92  -228.16  -471.04
  7.36  -227.24  -467.36
  0.00  -227.24  -471.04
  8.28  -235.52  -452.64
  117.76  -220.80  -942.08
  117.76  -218.96  -938.40
  125.12  -235.52  -942.08
  0.00  -228.16  -934.72
  117.76  0.00  -920.00
  0.00  -228.16  -890.56
  7.36  -235.52  -934.72
  14.72  -206.08  -905.28
  51.52  -235.52  -942.08
  95.68  -205.16  -942.08
  66.24  -235.52  -942.08
  1.84  -233.68  -942.08
  0.00  -231.84  -942.08
  30.36  -220.80  -942.08
  0.00  -231.84  -942.08
  14.72  -246.56  -691.84
  14.72  -172.96  -706.56
  14.72  -172.96  -691.84
  0.00  -172.04  -699.20
   
-80.96  58.88  -942.08
  -88.32  -161.92  -586.96
  7.36  -220.80  -706.56
  -103.04  -220.80  -529.92
  -213.44  -161.92  -529.92
  -110.40  -161.92  -588.80
  -117.76  -161.92  -588.80
  -103.04  -176.64  -765.44
  -117.76  -235.52  -938.40
  -117.76  58.88  -868.48
  -115.92  -176.64  -923.68
  -176.64  -235.52  -750.72
  -161.92  -235.52  -750.72
  -235.52  -235.52  -765.44
  -176.64  -231.84  -942.08
  -235.52  -235.52  -765.44
  -206.08  -235.52  -736.00
  -235.52  -176.64  -942.08
  -235.52  -146.28  -706.56
  -235.52  -234.60  -706.56
  -235.52  -234.60  -706.56
  -235.52  -176.64  -706.56
  -235.52  -234.60  -706.56
  -235.52  -234.60  -706.56
   
-219.88  1.84  -912.64
  -220.80  0.00  -559.36
  -220.80  0.00  -677.12
  -235.52  0.00  -500.48
  -469.20  0.00  -942.08
  -233.68  0.00  -529.92
  -233.68  0.00  -529.92
  -233.68  0.00  -706.56
  -218.96  -206.08  -942.08
  -401.12  125.12  -927.36
  -408.48  10.12  -941.16
  -294.40  -108.56  -690.92
  -294.40  -117.76  -912.64
  -471.04  0.00  -941.16
  -412.16  -117.76  -942.08
  -456.32  59.80  -942.08
  -454.48  3.68  -934.72
  -454.48  59.80  -942.08
  -471.04  63.48  -935.64
  -471.04  67.16  -938.40
  -291.64  0.92  -942.08
  -410.32  62.56  -912.64
  -468.28  3.68  -942.08
  -350.52  69.92  -934.72
   
-471.04  3.68  -469.20
  -408.48  0.00  -940.24
  -412.16  4.60  -471.04
  -471.04  0.92  -469.20
  -408.48  6.44  -469.20
  -471.04  1.84  -940.24
  -412.16  -117.76  -942.08
  -412.16  -235.52  -942.08
  -375.36  -235.52  -919.08
  -382.72  0.00  -932.88
  -401.12  -176.64  -940.24
  -379.04  -176.64  -925.52
  -460.00  -235.52  -920.00
  -434.24  -235.52  -934.72
  -374.44  -235.52  -920.00
  -412.16  -220.80  -940.24
  -471.04  -235.52  -942.08
  -412.16  -235.52  -942.08
  -412.16  -469.20  -942.08
  -412.16  -441.60  -942.08
  -471.04  -441.60  -942.08
  -471.04  -382.72  -942.08
  -412.16  -465.52  -942.08
  -412.16  -469.20  -934.72
   
-412.16  -353.28  -471.04
  -397.44  -469.20  -471.04
  -397.44  -353.28  -471.04
  -411.24  -353.28  -471.04
  -396.52  -345.92  -412.16
  -470.12  -345.92  -471.04
  -397.44  -343.16  -471.04
  -465.52  -471.04  -942.08
  -467.36  -469.20  -923.68
  -471.04  -471.04  -942.08
  -469.20  -471.04  -942.08
  -467.36  -463.68  -923.68
  -471.04  -463.68  -931.04
  -467.36  -463.68  -938.40
  -471.04  -471.04  -927.36
  -471.04  -471.04  -942.08
  -353.28  -404.80  -883.20
  -411.24  -412.16  -942.08
  -397.44  -408.48  -942.08
  -396.52  -463.68  -942.08
  -461.84  -456.32  -883.20
  -461.84  -404.80  -942.08
  -402.96  -456.32  -942.08
  -411.24  -404.80  -883.20
   
-471.04  -463.68  -441.60
  -406.64  -463.68  -412.16
  -411.24  -426.88  -433.32
  -470.12  -467.36  -368.00
  -407.56  -437.92  -448.96
  -404.80  -441.60  -467.36
  -463.68  -471.04  -471.04
  -412.16  -927.36  -820.64
  -382.72  -940.24  -824.32
  -382.72  -932.88  -824.32
  -412.16  -932.88  -824.32
  -371.68  -940.24  -824.32
  -371.68  -942.08  -823.40
  -430.56  -942.08  -823.40
  -463.68  -940.24  -942.08
  -430.56  -942.08  -823.40
  -471.04  -883.20  -823.40
  -469.20  -927.36  -823.40
  -412.16  -883.20  -941.16
  -412.16  -883.20  -824.32
  -471.04  -938.40  -823.40
  -470.12  -883.20  -942.08
  -412.16  -938.40  -824.32
  -412.16  -942.08  -823.40
   
-353.28  -923.68  -471.04
  -471.04  -680.80  -471.04
  -353.28  -581.44  0.00
  -353.28  -585.12  -471.04
  -471.04  -684.48  -471.04
  -353.28  -588.80  -471.04
  -353.28  -588.80  -471.04
  -469.20  -706.56  -688.16
  -471.04  -677.12  -706.56
  -456.32  -934.72  -456.32
  -338.56  -647.68  -456.32
  -338.56  -640.32  -471.04
  -333.04  -706.56  -448.96
  -333.04  -706.56  -455.40
  -465.52  -647.68  -456.32
  -334.88  -677.12  -471.04
  -352.36  -677.12  -439.76
  -466.44  -706.56  -439.76
  -353.28  -677.12  -456.32
  -471.04  -702.88  -412.16
  -471.04  -931.04  -412.16
  -471.04  -699.20  -471.04
  -469.20  -942.08  -469.20
  -469.20  -706.56  -471.04
   
-471.04  -927.36  -110.40
  -471.04  -691.84  -106.72
  -471.04  -662.40  125.12
  -471.04  -662.40  -228.16
  -441.60  -676.20  -117.76
  -441.60  -676.20  -235.52
  -469.20  -677.12  -117.76
  -441.60  -908.96  -349.60
  -412.16  -942.08  -349.60
  -382.72  -936.56  -338.56
  -412.16  -920.00  -456.32
  -264.96  -925.52  -338.56
  -471.04  -923.68  -348.68
  -467.36  -942.08  -345.92
  -471.04  -942.08  -345.92
  -467.36  -927.36  -345.92
  -467.36  -853.76  -345.92
  -360.64  -940.24  0.00
  -441.60  -881.36  -353.28
  -235.52  -942.08  -349.60
  -235.52  -942.08  -353.28
  -235.52  -883.20  -467.36
  -235.52  -942.08  -352.36
  -235.52  -942.08  -353.28
   
0.00  -706.56  -88.32
  14.72  -942.08  -88.32
  0.00  -706.56  147.20
  44.16  -706.56  -117.76
  11.04  -924.60  -117.76
  0.00  -690.92  -206.08
  0.00  -706.56  -117.76
  0.00  -938.40  -345.92
  0.00  -938.40  -331.20
  0.00  -938.40  -353.28
  0.00  -942.08  -353.28
  29.44  -927.36  -345.92
  29.44  -927.36  -345.92
  0.00  -912.64  -351.44
  0.00  -912.64  -353.28
  0.00  -912.64  -351.44
  0.00  -883.20  -353.28
  14.72  -908.96  0.00
  5.52  -942.08  -463.68
  14.72  -912.64  -353.28
  19.32  -890.56  -353.28
  18.40  -934.72  -471.04
  19.32  -890.56  -353.28
  117.76  -691.84  -353.28
   
46.00  -883.20  -117.76
  60.72  -647.68  -110.40
  58.88  -706.56  139.84
  1.84  -640.32  -103.04
  58.88  -647.68  -95.68
  7.36  -699.20  -110.40
  1.84  -706.56  -95.68
  9.20  -647.68  -353.28
  235.52  -702.88  -309.12
  264.96  -931.04  -309.12
  264.96  -695.52  -323.84
  264.96  -699.20  -338.56
  264.96  -702.88  -338.56
  264.96  -702.88  -309.12
  264.96  -588.80  -233.68
  279.68  -588.80  -233.68
  235.52  -588.80  2.76
  235.52  -942.08  0.00
  0.00  -942.08  -235.52
  235.52  -927.36  -235.52
  235.52  -941.16  -234.60
  239.20  -942.08  -220.80
  235.52  -927.36  0.00
  243.80  -942.08  -235.52
   
237.36  -471.04  0.00
  235.52  -942.08  0.00
  236.44  -942.08  15.64
  364.32  -471.04  1.84
  246.56  -942.08  0.92
  353.28  -938.40  39.56
  353.28  -471.04  36.80
  235.52  -942.08  8.28
  247.48  -942.08  0.92
  244.72  -942.08  0.00
  1.84  -941.16  0.00
  250.24  -941.16  0.00
  252.08  -934.72  0.00
  250.24  -934.72  0.00
  252.08  -942.08  14.72
  237.36  -942.08  0.92
  237.36  -883.20  0.92
  303.60  -942.08  0.00
  301.76  -942.08  0.00
  237.36  -942.08  3.68
  235.52  -912.64  117.76
  7.36  -853.76  3.68
  294.40  -912.64  117.76
  235.52  -912.64  1.84
   
264.96  -470.12  0.00
  235.52  -441.60  9.20
  235.52  -471.04  7.36
  235.52  -441.60  7.36
  235.52  -467.36  9.20
  235.52  -471.04  0.00
  236.44  -441.60  236.44
  236.44  -912.64  0.00
  235.52  -942.08  14.72
  235.52  -942.08  0.00
  239.20  -938.40  0.00
  235.52  -942.08  0.92
  239.20  -938.40  0.00
  239.20  -912.64  14.72
  235.52  -908.96  0.00
  235.52  -910.80  0.00
  239.20  -881.36  60.72
  239.20  -942.08  58.88
  239.20  -942.08  14.72
  239.20  -942.08  3.68
  4.60  -910.80  3.68
  3.68  -851.92  0.00
  63.48  -910.80  3.68
  4.60  -908.96  0.00
   
161.92  -470.12  235.52
  147.20  -440.68  353.28
  150.88  -470.12  117.76
  117.76  -440.68  235.52
  44.16  -470.12  353.28
  150.88  -471.04  235.52
  117.76  -471.04  354.20
  117.76  -912.64  118.68
  36.80  -942.08  0.00
  14.72  -942.08  147.20
  22.08  -934.72  29.44
  11.04  -471.04  125.12
  0.00  -471.04  117.76
  0.00  -471.04  117.76
  0.00  -467.36  136.16
  0.00  -471.04  136.16
  1.84  -471.04  191.36
  1.84  -471.04  58.88
  0.00  -471.04  117.76
  0.00  -467.36  176.64
  0.00  -937.48  239.20
  0.00  -468.28  239.20
  0.00  -471.04  235.52
  0.00  -471.04  236.44
   
0.00  -456.32  353.28
  7.36  -425.04  445.28
  0.00  -439.76  298.08
  7.36  -471.04  386.40
  0.00  -441.60  0.00
  0.00  -426.88  382.72
  3.68  -456.32  441.60
  3.68  -471.04  235.52
  3.68  -471.04  235.52
  0.00  -471.04  242.88
  11.04  -470.12  235.52
  7.36  -471.04  0.00
  3.68  -469.20  7.36
  3.68  -471.04  242.88
  0.00  -468.28  242.88
  0.00  -471.04  0.00
  1.84  -467.36  1.84
  0.00  -467.36  0.00
  0.00  -471.04  0.00
  0.00  -465.52  0.00
  0.00  -942.08  0.00
  3.68  -467.36  3.68
  0.00  -467.36  3.68
  3.68  -467.36  0.00
   
-117.76  -453.56  382.72
  -235.52  -471.04  441.60
  -117.76  -456.32  294.40
  -117.76  -471.04  382.72
  -235.52  -456.32  0.00
  0.00  -456.32  382.72
  -117.76  -454.48  442.52
  -234.60  -923.68  236.44
  -232.76  -923.68  235.52
  -235.52  -927.36  236.44
  -235.52  -927.36  235.52
  -235.52  -942.08  235.52
  -234.60  -927.36  0.00
  -235.52  -940.24  239.20
  0.00  -925.52  239.20
  -235.52  -925.52  235.52
  -235.52  -938.40  14.72
  -235.52  -936.56  0.00
  -235.52  -942.08  235.52
  -235.52  -868.48  239.20
  -235.52  -942.08  253.92
  -235.52  -883.20  250.24
  -235.52  -883.20  239.20
  -235.52  -927.36  235.52
   
-234.60  -471.04  354.20
  -235.52  -934.72  412.16
  -235.52  -889.64  235.52
  -235.52  -933.80  368.00
  -419.52  -896.08  0.00
  -198.72  -889.64  353.28
  -213.44  -917.24  412.16
  -235.52  -925.52  191.36
  -235.52  -940.24  73.60
  -235.52  -807.76  176.64
  -235.52  -868.48  58.88
  -233.68  -528.08  191.36
  -235.52  -515.20  191.36
  -233.68  -936.56  166.52
  -469.20  -518.88  147.20
  -469.20  -934.72  118.68
  -471.04  -941.16  178.48
  -412.16  -942.08  7.36
  -395.60  -942.08  118.68
  -397.44  -942.08  126.96
  -470.12  -902.52  176.64
  -397.44  -939.32  0.00
  -470.12  -941.16  176.64
  -471.04  -927.36  123.28
   
-471.04  -816.96  33.12
  -471.04  -559.36  241.04
  -469.20  -559.36  0.00
  -454.48  -559.36  3.68
  -454.48  -559.36  239.20
  -456.32  -559.36  7.36
  -456.32  -588.80  235.52
  -452.64  -588.80  0.00
  -451.72  -588.80  0.00
  -471.04  -942.08  0.00
  -451.72  -942.08  0.00
  -471.04  -587.88  0.00
  -471.04  -588.80  1.84
  -463.68  -587.88  1.84
  -471.04  -587.88  1.84
  -471.04  -588.80  0.00
  -467.36  -942.08  44.16
  -471.04  -588.80  29.44
  -456.32  -581.44  0.00
  -462.76  -581.44  0.00
  -456.32  -705.64  0.00
  -460.00  -586.96  58.88
  -463.68  -588.80  125.12
  -463.68  -586.96  125.12
   
-470.12  -824.32  95.68
  -942.08  -558.44  0.00
  -471.04  -559.36  69.92
  -467.36  -555.68  88.32
  -942.08  -555.68  29.44
  -938.40  -554.76  0.00
  -471.04  -585.12  0.00
  -942.08  -588.80  117.76
  -942.08  -588.80  0.00
  -942.08  -934.72  117.76
  -942.08  -934.72  7.36
  -942.08  -581.44  125.12
  -942.08  -588.80  125.12
  -942.08  -581.44  117.76
  -839.04  -588.80  117.76
  -883.20  -588.80  117.76
  -941.16  -942.08  117.76
  -883.20  -574.08  117.76
  -879.52  -588.80  1.84
  -882.28  -574.08  2.76
  -942.08  -691.84  118.68
  -878.60  -941.16  0.92
  -941.16  -585.12  1.84
  -933.80  -566.72  23.00
   
-942.08  -942.08  14.72
  -942.08  -942.08  22.08
  -942.08  -940.24  7.36
  -941.16  -932.88  0.00
  -942.08  -932.88  7.36
  -942.08  -942.08  0.00
  -927.36  -942.08  7.36
  -942.08  -942.08  7.36
  -942.08  -574.08  -235.52
  -883.20  -927.36  0.00
  -942.08  -927.36  -235.52
  -588.80  -588.80  -235.52
  -529.92  -574.08  -235.52
  -934.72  -942.08  -294.40
  -934.72  -574.08  -294.40
  -934.72  -942.08  -353.28
  -920.00  -934.72  -345.00
  -934.72  -934.72  8.28
  -931.04  -938.40  0.00
  -934.72  -908.96  -353.28
  -927.36  -938.40  -338.56
  -912.64  -886.88  -456.32
  -912.64  -923.68  -397.44
  -942.08  -927.36  -467.36
   
-937.48  -942.08  -176.64
  -879.52  -942.08  -171.12
  -883.20  -912.64  3.68
  -937.48  -940.24  -176.64
  -879.52  -940.24  -172.96
  -882.28  -910.80  -230.00
  -882.28  -912.64  -235.52
  -883.20  -911.72  -410.32
  -879.52  -941.16  -410.32
  -850.08  -824.32  -469.20
  -942.08  -912.64  -441.60
  -494.96  -529.92  -448.96
  -498.64  -942.08  -471.04
  -912.64  -942.08  -471.04
  -850.08  -529.92  -469.20
  -879.52  -942.08  -469.20
  -942.08  -933.80  -463.68
  -883.20  -938.40  -471.04
  -883.20  -942.08  -471.04
  -883.20  -879.52  -471.04
  -942.08  -938.40  -471.04
  -942.08  -883.20  -470.12
  -883.20  -938.40  -470.12
  -883.20  -879.52  -471.04
   
-468.28  -471.04  -456.32
  -939.32  -942.08  -264.96
  -471.04  -463.68  30.36
  -467.36  -471.04  -264.04
  -942.08  -463.68  -471.04
  -467.36  -471.04  -323.84
  -471.04  -463.68  -294.40
  -471.04  -940.24  -757.16
  -471.04  -936.56  -750.72
  -471.04  -942.08  -882.28
  -471.04  -942.08  -764.52
  -469.20  -940.24  -816.96
  -471.04  -938.40  -802.24
  -465.52  -938.40  -816.96
  -467.36  -938.40  -927.36
  -470.12  -942.08  -809.60
  -463.68  -883.20  -816.96
  -471.04  -912.64  -934.72
  -470.12  -853.76  -824.32
  -467.36  -942.08  -824.32
  -471.04  -912.64  -808.68
  -471.04  -853.76  -942.08
  -471.04  -911.72  -823.40
  -470.12  -941.16  -824.32
   
-348.68  -883.20  -426.88
  -353.28  -853.76  -434.24
  -467.36  -912.64  -471.04
  -471.04  -942.08  -368.00
  -471.04  -883.20  -456.32
  -471.04  -883.20  -397.44
  -471.04  -905.28  -397.44
  -471.04  -905.28  -927.36
  -395.60  -941.16  -926.44
  -412.16  -820.64  -934.72
  -412.16  -942.08  -934.72
  -257.60  -585.12  -934.72
  -261.28  -942.08  -942.08
  -441.60  -910.80  -942.08
  -353.28  -559.36  -942.08
  -471.04  -912.64  -942.08
  -471.04  -927.36  -934.72
  -471.04  -897.92  -934.72
  -412.16  -908.96  -934.72
  -379.04  -927.36  -942.08
  -441.60  -896.08  -942.08
  -441.60  -897.92  -942.08
  -471.04  -897.92  -942.08
  -471.04  -912.64  -942.08
   
-455.40  -456.32  -470.12
  -410.32  -942.08  -462.76
  -412.16  -471.04  -471.04
  -471.04  -471.04  -404.80
  -410.32  -471.04  -404.80
  -410.32  -471.04  -471.04
  -468.28  -471.04  -462.76
  -439.76  -927.36  -882.28
  -412.16  -927.36  -941.16
  -411.24  -912.64  -882.28
  -404.80  -942.08  -883.20
  -293.48  -942.08  -883.20
  -287.04  -934.72  -883.20
  -454.48  -905.28  -882.28
  -412.16  -912.64  -879.52
  -471.04  -905.28  -878.60
  -471.04  -857.44  -878.60
  -463.68  -875.84  -933.80
  -463.68  -839.04  -931.04
  -471.04  -927.36  -941.16
  -471.04  -908.04  -868.48
  -463.68  -853.76  -942.08
  -463.68  -908.96  -883.20
  -471.04  -942.08  -883.20
   
-456.32  -470.12  -463.68
  -397.44  -942.08  -463.68
  -397.44  -471.04  -471.04
  -408.48  -470.12  -411.24
  -397.44  -471.04  -412.16
  -456.32  -470.12  -471.04
  -397.44  -471.04  -471.04
  -228.16  -942.08  -883.20
  -228.16  -942.08  -942.08
  -235.52  -942.08  -883.20
  -235.52  -938.40  -883.20
  -233.68  -942.08  -883.20
  -228.16  -942.08  -883.20
  -234.60  -883.20  -883.20
  -206.08  -522.56  -942.08
  -235.52  -875.84  -883.20
  -235.52  -938.40  -868.48
  -235.52  -937.48  -883.20
  -220.80  -883.20  -927.36
  -235.52  -883.20  -927.36
  -235.52  -942.08  -868.48
  -235.52  -942.08  -942.08
  -235.52  -881.36  -881.36
  -235.52  -883.20  -883.20
   
-174.80  -940.24  -471.04
  -156.40  -910.80  -412.16
  -169.28  -942.08  -471.04
  -163.76  -940.24  -412.16
  -161.92  -940.24  -404.80
  -228.16  -940.24  -463.68
  -149.04  -940.24  -412.16
  0.00  -934.72  -942.08
  36.80  -581.44  -942.08
  7.36  -822.48  -942.08
  7.36  -942.08  -942.08
  -110.40  -586.96  -938.40
  -58.88  -588.80  -942.08
  0.00  -934.72  -934.72
  77.28  -581.44  -942.08
  16.56  -934.72  -942.08
  14.72  -905.28  -942.08
  16.56  -905.28  -942.08
  0.00  -905.28  -938.40
  0.00  -942.08  -938.40
  0.00  -912.64  -942.08
  14.72  -912.64  -942.08
  1.84  -912.64  -942.08
  1.84  -912.64  -941.16
   
0.00  -883.20  -469.20
  58.88  -942.08  -412.16
  60.72  -471.04  -441.60
  7.36  -471.04  -382.72
  0.00  -934.72  -467.36
  117.76  -471.04  -408.48
  117.76  -471.04  -412.16
  117.76  -942.08  -912.64
  117.76  -942.08  -912.64
  125.12  -942.08  -912.64
  7.36  -942.08  -942.08
  125.12  -942.08  -912.64
  117.76  -942.08  -942.08
  125.12  -942.08  -912.64
  0.00  -942.08  -912.64
  117.76  -942.08  -912.64
  123.28  -911.72  -920.00
  117.76  -912.64  -942.08
  1.84  -853.76  -934.72
  121.44  -942.08  -927.36
  117.76  -941.16  -934.72
  0.00  -942.08  -934.72
  3.68  -942.08  -941.16
  121.44  -942.08  -941.16
   
0.00  -405.72  -470.12
  0.00  -470.12  -471.04
  0.92  -352.36  -471.04
  0.00  -350.52  -412.16
  14.72  -350.52  -412.16
  14.72  -351.44  -471.04
  0.00  -351.44  -471.04
  15.64  -471.04  -883.20
  14.72  -353.28  -883.20
  0.92  -471.04  -942.08
  74.52  -471.04  -883.20
  176.64  -353.28  -911.72
  176.64  -353.28  -937.48
  117.76  -470.12  -942.08
  0.00  -468.28  -938.40
  0.00  -409.40  -938.40
  136.16  -471.04  -941.16
  29.44  -441.60  -941.16
  121.44  -471.04  -939.32
  150.88  -463.68  -939.32
  117.76  -434.24  -939.32
  3.68  -375.36  -942.08
  40.48  -471.04  -932.88
  150.88  -471.04  -934.72
   
132.48  88.32  -471.04
  117.76  -147.20  -942.08
  117.76  -176.64  -471.04
  132.48  -206.08  -471.04
  14.72  -234.60  -471.04
  117.76  0.00  -938.40
  117.76  0.00  -938.40
  118.68  0.00  -942.08
  118.68  -191.36  -942.08
  118.68  44.16  -942.08
  0.92  29.44  -942.08
  117.76  -117.76  -942.08
  117.76  -117.76  -942.08
  117.76  -117.76  -942.08
  1.84  -117.76  -942.08
  3.68  0.00  -942.08
  117.76  0.00  -920.00
  0.00  3.68  -923.68
  62.56  3.68  -938.40
  58.88  0.00  -927.36
  0.92  3.68  -938.40
  0.92  3.68  -923.68
  3.68  3.68  -927.36
  58.88  3.68  -942.08
   
3.68  14.72  -470.12
  3.68  0.00  -927.36
  3.68  0.00  -470.12
  33.12  58.88  -455.40
  31.28  58.88  -456.32
  20.24  58.88  -927.36
  29.44  58.88  -926.44
  29.44  0.00  -941.16
  0.00  33.12  -941.16
  0.00  29.44  -942.08
  7.36  30.36  -941.16
  0.00  0.92  -933.80
  7.36  0.00  -942.08
  7.36  0.00  -942.08
  7.36  63.48  -934.72
  0.00  58.88  -932.88
  29.44  1.84  -932.88
  29.44  0.00  -942.08
  0.00  58.88  -932.88
  29.44  0.00  -940.24
  1.84  0.00  -942.08
  0.00  58.88  -940.24
  29.44  1.84  -934.72
  29.44  0.00  -934.72
   
0.00  66.24  -470.12
  -73.60  62.56  -940.24
  0.00  18.40  -471.04
  -88.32  7.36  -471.04
  -117.76  0.00  -471.04
  -87.40  58.88  -940.24
  -116.84  59.80  -940.24
  -117.76  15.64  -942.08
  0.00  44.16  -942.08
  7.36  30.36  -938.40
  3.68  29.44  -942.08
  -117.76  0.00  -942.08
  -117.76  29.44  -942.08
  -84.64  0.00  -942.08
  29.44  0.00  -942.08
  -88.32  0.00  -942.08
  -115.92  0.00  -927.36
  31.28  0.00  -940.24
  -206.08  0.00  -942.08
  -88.32  0.00  -925.52
  -103.04  8.28  -942.08
  18.40  7.36  -927.36
  44.16  3.68  -942.08
  -88.32  7.36  -942.08
   
66.24  61.64  -467.36
  7.36  61.64  -942.08
  0.00  0.00  -471.04
  0.00  59.80  -471.04
  1.84  59.80  -471.04
  3.68  59.80  -938.40
  3.68  58.88  -942.08
  33.12  7.36  -942.08
  34.96  0.00  -942.08
  3.68  0.00  -942.08
  5.52  0.00  -942.08
  33.12  0.00  -931.04
  9.20  7.36  -942.08
  5.52  0.00  -938.40
  1.84  0.00  -934.72
  0.00  0.00  -934.72
  0.92  29.44  -942.08
  0.00  0.00  -942.08
  29.44  22.08  -883.20
  29.44  7.36  -942.08
  0.00  3.68  -942.08
  0.00  18.40  -942.08
  29.44  7.36  -942.08
  30.36  7.36  -942.08
   
0.00  0.00  -469.20
  0.00  1.84  -412.16
  0.00  0.00  -471.04
  7.36  0.00  -471.04
  0.00  0.00  -463.68
  0.00  0.00  -471.04
  29.44  0.00  -471.04
  235.52  0.00  -942.08
  235.52  0.00  -910.80
  235.52  0.92  -940.24
  235.52  0.00  -910.80
  235.52  0.00  -927.36
  235.52  0.92  -897.92
  235.52  0.92  -927.36
  235.52  0.92  -927.36
  235.52  0.92  -897.92
  244.72  7.36  -824.32
  242.88  7.36  -942.08
  242.88  29.44  -882.28
  272.32  29.44  -823.40
  264.96  147.20  -824.32
  242.88  117.76  -823.40
  58.88  0.00  -942.08
  294.40  0.00  -824.32
   
360.64  74.52  -160.08
  360.64  74.52  -161.92
  353.28  0.92  58.88
  375.36  0.00  -174.80
  257.60  0.00  -206.08
  360.64  29.44  -206.08
  360.64  0.00  -204.24
  360.64  0.00  -410.32
  7.36  5.52  -351.44
  0.00  0.00  -351.44
  44.16  44.16  -353.28
  353.28  3.68  -338.56
  353.28  0.00  -309.12
  355.12  0.00  -235.52
  1.84  30.36  -230.00
  353.28  1.84  -230.00
  386.40  1.84  -233.68
  36.80  1.84  31.28
  382.72  0.00  -204.24
  287.04  0.00  -471.04
  404.80  117.76  -204.24
  14.72  0.00  -206.08
  0.00  0.00  0.00
  355.12  0.00  0.92
   
353.28  0.00  147.20
  353.28  3.68  147.20
  356.96  0.00  0.00
  353.28  7.36  58.88
  235.52  7.36  117.76
  353.28  7.36  117.76
  356.96  7.36  176.64
  235.52  0.00  0.00
  235.52  0.92  0.00
  235.52  0.92  0.00
  235.52  0.92  0.00
  235.52  0.00  0.00
  235.52  0.00  58.88
  242.88  0.00  58.88
  235.52  0.00  0.00
  235.52  7.36  60.72
  236.44  7.36  60.72
  235.52  7.36  1.84
  235.52  1.84  1.84
  235.52  7.36  7.36
  235.52  9.20  64.40
  238.28  0.00  3.68
  1.84  0.00  0.00
  238.28  0.00  3.68
   
29.44  134.32  353.28
  1.84  -117.76  412.16
  0.00  -103.04  235.52
  0.92  0.00  297.16
  0.92  -191.36  14.72
  0.00  -220.80  368.00
  0.00  -235.52  434.24
  0.00  -235.52  250.24
  14.72  -234.60  253.92
  0.92  -234.60  235.52
  0.92  -205.16  235.52
  117.76  -205.16  0.00
  117.76  -471.04  0.92
  121.44  -471.04  236.44
  0.00  -471.04  238.28
  117.76  -471.04  2.76
  134.32  -470.12  0.92
  0.00  -463.68  0.92
  119.60  -448.96  0.92
  0.00  7.36  0.00
  117.76  -456.32  250.24
  0.00  -471.04  235.52
  88.32  -396.52  250.24
  1.84  -463.68  250.24
   
0.00  0.00  355.12
  1.84  -441.60  412.16
  1.84  -471.04  235.52
  14.72  0.00  296.24
  1.84  -912.64  414.00
  14.72  -912.64  355.12
  16.56  -441.60  412.16
  0.00  -882.28  117.76
  7.36  -938.40  0.00
  7.36  -820.64  147.20
  0.00  -883.20  29.44
  0.00  -529.92  117.76
  1.84  -529.92  117.76
  1.84  -942.08  118.68
  31.28  -557.52  132.48
  0.00  -938.40  133.40
  0.92  -942.08  117.76
  59.80  -934.72  19.32
  0.92  -942.08  118.68
  29.44  -942.08  133.40
  19.32  -941.16  117.76
  14.72  -942.08  0.00
  18.40  -941.16  132.48
  2.76  -942.08  117.76
   
7.36  -936.56  264.96
  0.00  -662.40  309.12
  29.44  -662.40  18.40
  0.00  -662.40  250.24
  30.36  -677.12  235.52
  0.92  -677.12  235.52
  0.92  -677.12  235.52
  0.92  -706.56  0.00
  23.00  -706.56  1.84
  15.64  -691.84  1.84
  14.72  -706.56  11.04
  -103.04  -706.56  0.00
  -102.12  -691.84  3.68
  0.00  -706.56  11.04
  15.64  -691.84  7.36
  0.00  -706.56  0.00
  1.84  -706.56  0.92
  0.00  -699.20  0.00
  0.00  -706.56  0.00
  0.00  -706.56  0.00
  0.00  -942.08  14.72
  0.00  -706.56  0.00
  0.00  -704.72  0.00
  0.00  -706.56  3.68
   
0.00  -684.48  139.84
  14.72  -699.20  162.84
  0.00  -691.84  169.28
  14.72  -706.56  44.16
  14.72  -920.00  117.76
  0.00  -691.84  22.08
  0.00  -706.56  51.52
  0.00  -942.08  29.44
  1.84  -942.08  0.00
  0.00  -942.08  117.76
  14.72  -920.00  0.00
  -103.04  -927.36  0.00
  -103.04  -934.72  0.00
  -103.04  -934.72  0.00
  22.08  -743.36  3.68
  -117.76  -920.00  3.68
  -117.76  -942.08  0.00
  -116.84  -921.84  0.00
  -115.00  -925.52  0.00
  -147.20  -926.44  29.44
  -206.08  -938.40  3.68
  31.28  -937.48  0.00
  0.00  -942.08  0.00
  -235.52  -923.68  0.00
   
0.00  -706.56  -116.84
  0.00  -942.08  -117.76
  0.00  -706.56  235.52
  9.20  -706.56  -117.76
  9.20  -706.56  -117.76
  2.76  -706.56  -116.84
  1.84  -706.56  -116.84
  2.76  -942.08  -353.28
  0.00  -942.08  -323.84
  0.92  -942.08  -323.84
  0.00  -942.08  -353.28
  -117.76  -942.08  -353.28
  -115.92  -942.08  -353.28
  0.00  -942.08  -323.84
  14.72  -942.08  -353.28
  0.00  -942.08  -353.28
  0.00  -934.72  -294.40
  0.00  -875.84  31.28
  0.92  -874.92  -351.44
  0.92  -875.84  -322.00
  18.40  -942.08  -353.28
  18.40  -878.60  -434.24
  0.00  -942.08  -353.28
  0.00  -941.16  -323.84
   
7.36  -697.36  -73.60
  66.24  -942.08  -73.60
  58.88  -706.56  235.52
  7.36  -706.56  -103.04
  58.88  -932.88  -103.04
  7.36  -697.36  -117.76
  0.00  -706.56  -84.64
  4.60  -942.08  -320.16
  1.84  -942.08  -320.16
  4.60  -942.08  -320.16
  3.68  -942.08  -349.60
  0.92  -942.08  -323.84
  2.76  -942.08  -349.60
  2.76  -942.08  -349.60
  4.60  -942.08  -323.84
  0.00  -942.08  -379.04
  73.60  -883.20  -437.92
  73.60  -912.64  -382.72
  58.88  -853.76  -456.32
  58.88  -942.08  -471.04
  1.84  -908.96  -456.32
  0.00  -853.76  -452.64
  58.88  -912.64  -397.44
  58.88  -910.80  -412.16
   
-115.92  -942.08  -349.60
  -117.76  -694.60  -353.28
  -115.92  -666.08  0.00
  -117.76  -662.40  -353.28
  -235.52  -677.12  -353.28
  -117.76  -662.40  -353.28
  -117.76  -654.12  -353.28
  -117.76  -640.32  -794.88
  -117.76  -699.20  -824.32
  -117.76  -938.40  -942.08
  -117.76  -640.32  -794.88
  0.00  -706.56  -794.88
  -106.72  -705.64  -794.88
  -113.16  -701.96  -794.88
  0.92  -705.64  -824.32
  -114.08  -706.56  -824.32
  -109.48  -699.20  -824.32
  -117.76  -701.96  -942.08
  -228.16  -644.00  -942.08
  -169.28  -701.96  -824.32
  -220.80  -675.28  -816.96
  0.00  -617.32  -942.08
  -176.64  -674.36  -823.40
  -169.28  -671.60  -824.32
   
-231.84  -471.04  -426.88
  -235.52  -942.08  -426.88
  -231.84  -471.04  -426.88
  -235.52  -471.04  -441.60
  -231.84  -942.08  -441.60
  -231.84  -471.04  -471.04
  -232.76  -471.04  -456.32
  -234.60  -942.08  -927.36
  -230.92  -942.08  -942.08
  -230.92  -942.08  -940.24
  -234.60  -927.36  -934.72
  -173.88  -942.08  -934.72
  -175.72  -942.08  -942.08
  -235.52  -942.08  -942.08
  -173.88  -938.40  -942.08
  -235.52  -922.76  -942.08
  -235.52  -864.80  -942.08
  -228.16  -878.60  -936.56
  -235.52  -834.44  -925.52
  -235.52  -923.68  -927.36
  -235.52  -907.12  -927.36
  -235.52  -848.24  -927.36
  -235.52  -906.20  -942.08
  -235.52  -909.88  -942.08
   
-410.32  -353.28  -471.04
  -390.08  -471.04  -938.40
  -445.28  -463.68  -467.36
  -404.80  -463.68  -941.16
  -460.00  -463.68  -942.08
  -235.52  -471.04  -941.16
  -224.48  -463.68  -938.40
  -233.68  -469.20  -691.84
  -219.88  -353.28  -927.36
  -218.04  -353.28  -927.36
  -218.96  -471.04  -942.08
  -230.92  -349.60  -706.56
  -232.76  -471.04  -942.08
  -185.84  -441.60  -706.56
  -233.68  -292.56  -941.16
  -235.52  -412.16  -702.88
  -228.16  -471.04  -938.40
  -235.52  -471.04  -942.08
  -235.52  -411.24  -699.20
  -235.52  -411.24  -699.20
  -228.16  -471.04  -706.56
  7.36  -412.16  -699.20
  0.00  -471.04  -706.56
  -231.84  -412.16  -702.88
   
0.00  0.00  -905.28
  3.68  -235.52  -529.00
  1.84  -231.84  -941.16
  1.84  -231.84  -941.16
  14.72  -230.92  -940.24
  0.92  -216.20  -940.24
  14.72  -213.44  -940.24
  11.04  -467.36  -942.08
  66.24  -471.04  -912.64
  3.68  -471.04  -912.64
  58.88  -471.04  -908.96
  58.88  -471.04  -673.44
  58.88  -471.04  -937.48
  0.00  -440.68  -676.20
  14.72  -264.96  -911.72
  44.16  -471.04  -677.12
  3.68  -471.04  -942.08
  18.40  -471.04  -912.64
  0.00  -471.04  -677.12
  29.44  -471.04  -677.12
  36.80  -471.04  -677.12
  3.68  -471.04  -942.08
  3.68  -471.04  -942.08
  3.68  -471.04  -942.08
   
33.12  -466.44  -912.64
  1.84  -445.28  -529.92
  0.00  -452.64  -675.28
  5.52  -467.36  -500.48
  1.84  -445.28  -941.16
  29.44  -448.96  -529.00
  31.28  -448.96  -529.92
  29.44  -456.32  -706.56
  59.80  -338.56  -934.72
  59.80  -353.28  -934.72
  58.88  -471.04  -940.24
  -58.88  -353.28  -706.56
  -58.88  -353.28  -940.24
  0.00  -471.04  -706.56
  59.80  -353.28  -940.24
  0.92  -471.04  -706.56
  0.00  -456.32  -934.72
  0.92  -471.04  -932.88
  0.00  -456.32  -706.56
  0.00  -471.04  -699.20
  0.00  -471.04  -697.36
  0.00  -471.04  -702.88
  0.00  -471.04  -701.96
  3.68  -471.04  -703.80
   
-226.32  -463.68  -906.20
  -233.68  -463.68  -524.40
  -235.52  -463.68  -669.76
  -235.52  -463.68  -499.56
  -235.52  -461.84  -942.08
  -235.52  -471.04  -529.92
  -235.52  -471.04  -513.36
  -235.52  -471.04  -690.00
  -235.52  -353.28  -925.52
  58.88  -353.28  -925.52
  -235.52  -471.04  -940.24
  -235.52  -353.28  -704.72
  -176.64  -353.28  -942.08
  -176.64  -471.04  -690.00
  -224.48  -353.28  -940.24
  -224.48  -471.04  -697.36
  -228.16  -471.04  -927.36
  -228.16  -471.04  -942.08
  -412.16  -470.12  -691.84
  -231.84  -470.12  -691.84
  -235.52  -441.60  -688.16
  -235.52  -441.60  -691.84
  -235.52  -441.60  -702.88
  -235.52  -441.60  -701.96
   
-316.48  0.00  -471.04
  -323.84  -220.80  -942.08
  -463.68  -218.96  -463.68
  -352.36  -235.52  -470.12
  -353.28  -220.80  -471.04
  -456.32  -470.12  -933.80
  -338.56  -235.52  -941.16
  -353.28  -235.52  -934.72
  -469.20  -235.52  -934.72
  7.36  -235.52  -934.72
  -463.68  -235.52  -934.72
  -352.36  -230.92  -942.08
  -471.04  -467.36  -941.16
  -345.92  -234.60  -940.24
  -469.20  -235.52  -942.08
  -351.44  -235.52  -934.72
  -351.44  -218.96  -942.08
  -471.04  -233.68  -934.72
  -439.76  -233.68  -942.08
  -353.28  -220.80  -941.16
  -352.36  -467.36  -940.24
  -468.28  -231.84  -940.24
  -471.04  -197.80  -941.16
  -353.28  -227.24  -941.16
   
-437.92  0.00  -440.68
  -438.84  0.00  -471.04
  -460.00  0.00  -441.60
  -460.00  0.00  -441.60
  -467.36  0.00  -469.20
  -460.00  14.72  -469.20
  -460.00  14.72  -469.20
  -461.84  14.72  -927.36
  -469.20  -220.80  -942.08
  -404.80  121.44  -940.24
  -463.68  58.88  -912.64
  -463.68  -58.88  -881.36
  -460.92  14.72  -881.36
  -470.12  14.72  -881.36
  -429.64  -44.16  -942.08
  -437.00  7.36  -925.52
  -440.68  0.00  -910.80
  -441.60  0.00  -866.64
  -897.92  117.76  -936.56
  -456.32  0.00  -942.08
  -456.32  117.76  -936.56
  -471.04  0.00  -940.24
  -441.60  0.00  -936.56
  -441.60  0.00  -940.24
   
-471.04  18.40  -469.20
  -471.04  0.00  -471.04
  -441.60  0.00  -469.20
  -471.04  18.40  -412.16
  -471.04  14.72  -380.88
  -471.04  0.00  -441.60
  -460.00  0.00  -463.68
  -460.00  0.00  -883.20
  -404.80  0.00  -925.52
  -401.12  0.00  -883.20
  -463.68  0.00  -868.48
  -412.16  0.00  -868.48
  -412.16  0.00  -941.16
  -471.04  0.00  -853.76
  -404.80  0.00  -942.08
  -462.76  7.36  -853.76
  -456.32  0.00  -942.08
  -456.32  0.00  -940.24
  -471.04  0.00  -942.08
  -463.68  0.00  -936.56
  -448.96  0.00  -942.08
  -456.32  0.00  -940.24
  -448.96  0.00  -942.08
  -463.68  3.68  -942.08
   
-462.76  7.36  -353.28
  -462.76  117.76  -470.12
  -463.68  117.76  -352.36
  -471.04  117.76  -353.28
  -471.04  117.76  -352.36
  -463.68  125.12  -471.04
  -471.04  126.04  -467.36
  -463.68  0.00  -819.72
  -463.68  0.00  -820.64
  -461.84  1.84  -820.64
  -460.92  0.00  -820.64
  -460.92  1.84  -824.32
  -471.04  1.84  -824.32
  -468.28  0.00  -823.40
  -467.36  0.00  -823.40
  -471.04  4.60  -814.20
  -460.00  88.32  -816.96
  -471.04  66.24  -934.72
  -456.32  95.68  -934.72
  -471.04  7.36  -824.32
  -456.32  11.96  -822.48
  -471.04  70.84  -938.40
  -456.32  40.48  -940.24
  -471.04  0.00  -824.32
   
-456.32  0.00  -353.28
  -471.04  0.00  -471.04
  -456.32  0.00  -353.28
  -456.32  0.00  -353.28
  -456.32  1.84  -353.28
  -456.32  0.00  -471.04
  -471.04  0.00  -470.12
  -469.20  2.76  -824.32
  -412.16  17.48  -824.32
  -410.32  1.84  -824.32
  -412.16  29.44  -824.32
  -412.16  0.00  -820.64
  -412.16  29.44  -824.32
  -471.04  0.00  -818.80
  -412.16  0.00  -819.72
  -471.04  0.92  -824.32
  -441.60  3.68  -809.60
  -471.04  3.68  -942.08
  -470.12  3.68  -934.72
  -456.32  7.36  -824.32
  -466.44  11.96  -794.88
  -471.04  0.00  -942.08
  -471.04  0.00  -912.64
  -471.04  0.00  -824.32
   
-466.44  58.88  -463.68
  -471.04  73.60  -318.32
  -471.04  22.08  31.28
  -471.04  14.72  -294.40
  -467.36  235.52  -471.04
  -467.36  242.88  -470.12
  -467.36  242.88  -471.04
  -452.64  12.88  -471.04
  -412.16  11.04  -471.04
  -393.76  7.36  -471.04
  -407.56  29.44  -456.32
  -386.40  3.68  -456.32
  -470.12  0.00  -471.04
  -441.60  237.36  -471.04
  -382.72  235.52  -471.04
  -471.04  237.36  -471.04
  -353.28  272.32  -470.12
  -471.04  235.52  -408.48
  -470.12  235.52  -454.48
  -352.36  235.52  -410.32
  -353.28  0.00  -412.16
  -471.04  246.56  -471.04
  -463.68  250.24  -471.04
  -323.84  235.52  -471.04
   
-467.36  1.84  0.00
  -465.52  0.00  0.00
  -467.36  7.36  0.00
  -471.04  7.36  0.00
  -349.60  0.00  0.00
  -290.72  7.36  9.20
  -469.20  7.36  0.92
  -347.76  0.00  0.00
  -351.44  268.64  0.00
  -436.08  1.84  0.00
  -450.80  29.44  0.00
  -353.28  237.36  0.00
  -353.28  264.96  0.00
  -469.20  266.80  0.00
  -441.60  235.52  7.36
  -322.92  264.96  0.00
  -463.68  0.92  0.00
  -434.24  310.04  0.00
  -345.92  250.24  0.00
  -323.84  250.24  0.00
  -316.48  264.96  62.56
  -463.68  325.68  58.88
  -434.24  283.36  58.88
  -292.56  265.88  0.00
   
-198.72  0.00  1.84
  -235.52  353.28  0.92
  -234.60  353.28  0.00
  -228.16  353.28  0.00
  -228.16  235.52  236.44
  -117.76  309.12  235.52
  -117.76  294.40  235.52
  -235.52  235.52  0.00
  -206.08  264.96  31.28
  0.00  264.96  0.00
  0.00  239.20  29.44
  -235.52  248.40  3.68
  -114.08  235.52  0.00
  4.60  235.52  3.68
  37.72  239.20  0.00
  0.92  0.92  0.00
  4.60  117.76  0.00
  3.68  118.68  121.44
  0.00  0.00  0.00
  3.68  0.00  3.68
  18.40  118.68  117.76
  0.00  0.00  147.20
  14.72  0.92  117.76
  14.72  0.92  0.00
   
236.44  3.68  237.36
  0.00  0.00  266.80
  235.52  178.48  1.84
  0.00  147.20  236.44
  0.00  121.44  267.72
  0.00  92.00  236.44
  31.28  136.16  265.88
  0.00  62.56  30.36
  0.00  3.68  6.44
  58.88  62.56  0.92
  58.88  58.88  0.92
  58.88  62.56  1.84
  58.88  62.56  0.92
  58.88  0.00  0.00
  58.88  0.00  0.00
  58.88  0.00  0.00
  58.88  0.92  7.36
  58.88  0.92  128.80
  58.88  0.00  3.68
  235.52  0.00  1.84
  242.88  0.00  0.00
  235.52  0.00  119.60
  235.52  44.16  90.16
  235.52  44.16  46.00
   
355.12  1.84  0.00
  235.52  0.00  237.36
  355.12  1.84  1.84
  353.28  0.00  0.92
  235.52  0.00  236.44
  353.28  0.00  0.92
  353.28  0.00  0.92
  235.52  0.00  0.92
  236.44  0.00  0.00
  250.24  0.00  29.44
  0.00  3.68  36.80
  235.52  3.68  29.44
  235.52  11.04  44.16
  235.52  7.36  29.44
  235.52  0.00  44.16
  235.52  0.00  14.72
  294.40  14.72  0.00
  294.40  9.20  7.36
  294.40  0.00  0.00
  235.52  68.08  7.36
  295.32  58.88  0.00
  4.60  58.88  0.92
  0.92  0.00  0.00
  235.52  0.00  0.00
   
353.28  58.88  0.00
  253.00  58.88  242.88
  368.00  0.00  0.00
  368.00  0.00  0.00
  237.36  60.72  40.48
  360.64  60.72  0.00
  375.36  1.84  33.12
  264.96  0.00  33.12
  264.96  -88.32  44.16
  264.96  29.44  18.40
  7.36  0.00  29.44
  242.88  -117.76  0.00
  360.64  -117.76  0.00
  353.28  4.60  14.72
  0.00  -83.72  0.00
  368.00  29.44  0.00
  353.28  1.84  7.36
  0.00  31.28  7.36
  383.64  9.20  92.00
  385.48  9.20  150.88
  382.72  1.84  150.88
  2.76  36.80  29.44
  32.20  38.64  180.32
  353.28  31.28  121.44
   
0.00  7.36  8.28
  0.00  0.00  7.36
  0.00  0.00  235.52
  14.72  0.00  -110.40
  14.72  0.00  -51.52
  0.00  58.88  -117.76
  0.00  58.88  -117.76
  0.00  0.00  -287.04
  0.00  0.00  -347.76
  1.84  147.20  -351.44
  7.36  29.44  -469.20
  353.28  -88.32  -349.60
  362.48  -88.32  -353.28
  360.64  0.00  -467.36
  1.84  0.00  -463.68
  386.40  0.00  -471.04
  353.28  0.00  -406.64
  0.00  0.00  -437.92
  353.28  58.88  -411.24
  353.28  66.24  -470.12
  356.96  0.92  -470.12
  0.00  59.80  -441.60
  0.00  0.92  -471.04
  353.28  0.00  -441.60
   
235.52  7.36  -352.36
  235.52  3.68  -352.36
  235.52  3.68  -351.44
  235.52  3.68  -351.44
  235.52  0.00  -351.44
  235.52  0.00  -471.04
  235.52  0.00  -471.04
  235.52  0.00  -824.32
  250.24  29.44  -897.92
  236.44  36.80  -942.08
  251.16  0.00  -912.64
  235.52  0.00  -942.08
  235.52  36.80  -912.64
  235.52  7.36  -912.64
  88.32  1.84  -927.36
  29.44  0.92  -942.08
  0.00  0.00  -923.68
  0.00  6.44  -942.08
  7.36  3.68  -942.08
  22.08  4.60  -942.08
  0.00  0.92  -942.08
  0.00  0.00  -941.16
  0.00  0.00  -942.08
  117.76  0.92  -942.08
   
3.68  62.56  -463.68
  2.76  59.80  -934.72
  1.84  11.04  -471.04
  3.68  0.00  -471.04
  64.40  62.56  -471.04
  0.00  62.56  -942.08
  1.84  62.56  -942.08
  0.00  0.00  -942.08
  0.00  0.00  -927.36
  3.68  62.56  -923.68
  66.24  58.88  -938.40
  -58.88  58.88  -923.68
  -55.20  0.00  -942.08
  0.00  0.00  -941.16
  58.88  0.00  -942.08
  0.00  0.00  -942.08
  0.00  14.72  -941.16
  0.00  14.72  -941.16
  0.00  73.60  -938.40
  0.00  0.00  -938.40
  0.00  0.00  -942.08
  0.00  58.88  -942.08
  0.00  0.92  -936.56
  0.00  0.92  -938.40
   
-86.48  0.00  -426.88
  -87.40  32.20  -471.04
  0.00  34.96  -467.36
  -115.00  5.52  -467.36
  -117.76  5.52  -441.60
  -117.76  0.00  -441.60
  -88.32  58.88  -465.52
  -110.40  58.88  -932.88
  0.00  3.68  -933.80
  0.00  180.32  -940.24
  0.92  117.76  -942.08
  -115.92  0.00  -942.08
  -116.84  0.00  -942.08
  -116.84  29.44  -942.08
  1.84  29.44  -942.08
  -117.76  117.76  -942.08
  -88.32  257.60  -794.88
  0.00  257.60  -912.64
  -206.08  235.52  -822.48
  -88.32  242.88  -471.04
  -117.76  18.40  -471.04
  0.00  253.92  -471.04
  0.92  250.24  -471.04
  -102.12  62.56  -471.04
   
-187.68  0.00  -106.72
  -205.16  3.68  -110.40
  3.68  18.40  -224.48
  -201.48  3.68  -106.72
  -234.60  18.40  -117.76
  -234.60  16.56  -117.76
  -206.08  5.52  -117.76
  -206.08  0.00  -287.04
  -146.28  353.28  -279.68
  -175.72  0.00  69.92
  -176.64  0.00  -309.12
  -176.64  353.28  0.00
  -235.52  353.28  14.72
  -206.08  353.28  7.36
  -176.64  354.20  0.00
  -206.08  0.92  0.00
  -228.16  0.92  16.56
  -198.72  0.92  0.00
  -227.24  0.00  58.88
  -205.16  0.00  7.36
  -206.08  0.00  58.88
  -197.80  0.00  66.24
  -205.16  0.00  58.88
  -198.72  0.00  66.24
   
-193.20  0.00  0.00
  -198.72  353.28  0.00
  -231.84  353.28  0.00
  -193.20  353.28  0.00
  -235.52  235.52  235.52
  -233.68  295.32  250.24
  -206.08  294.40  250.24
  -206.08  236.44  235.52
  -175.72  235.52  0.00
  -157.32  235.52  0.00
  -161.00  235.52  0.00
  -161.92  235.52  0.00
  -154.56  235.52  29.44
  -220.80  235.52  29.44
  -161.92  235.52  0.00
  -235.52  235.52  117.76
  -235.52  235.52  117.76
  -235.52  235.52  29.44
  -235.52  1.84  0.00
  -232.76  60.72  125.12
  -234.60  58.88  125.12
  -235.52  0.00  0.00
  -234.60  1.84  125.12
  -235.52  0.00  184.00
   
-235.52  40.48  18.40
  -235.52  40.48  478.40
  -206.08  3.68  471.04
  -206.08  40.48  3.68
  -235.52  40.48  471.04
  -235.52  62.56  14.72
  -117.76  0.00  471.04
  -231.84  0.00  0.00
  -206.08  -117.76  30.36
  -206.08  0.00  30.36
  -117.76  -235.52  30.36
  -117.76  -176.64  0.00
  -117.76  -234.60  29.44
  -117.76  -470.12  29.44
  29.44  -467.36  1.84
  0.00  -467.36  5.52
  0.00  -470.12  60.72
  14.72  -466.44  5.52
  29.44  -264.96  0.00
  29.44  -352.36  3.68
  44.16  -438.84  29.44
  0.00  -294.40  3.68
  14.72  -380.88  0.00
  14.72  -380.88  0.00
   
7.36  -883.20  235.52
  7.36  -645.84  294.40
  0.00  -705.64  0.00
  7.36  -646.76  235.52
  0.00  -705.64  272.32
  7.36  -694.60  53.36
  0.00  -701.96  264.96
  3.68  -706.56  14.72
  0.00  -694.60  16.56
  14.72  0.00  44.16
  14.72  -702.88  29.44
  0.00  -706.56  0.00
  0.00  -688.16  1.84
  0.00  -705.64  1.84
  0.00  -691.84  0.00
  0.00  -701.04  0.00
  0.00  -706.56  0.00
  0.00  -706.56  0.00
  0.00  -706.56  0.00
  0.00  -706.56  0.00
  0.00  -941.16  29.44
  31.28  -853.76  3.68
  88.32  -912.64  117.76
  1.84  -920.00  141.68
   
30.36  -699.20  2.76
  30.36  -705.64  62.56
  44.16  -706.56  3.68
  30.36  -699.20  0.00
  45.08  -942.08  0.00
  44.16  -699.20  14.72
  14.72  -698.28  73.60
  44.16  -934.72  73.60
  58.88  -942.08  14.72
  58.88  -937.48  0.92
  58.88  -939.32  14.72
  -58.88  -941.16  0.92
  -58.88  -940.24  0.00
  58.88  -941.16  14.72
  58.88  -936.56  0.00
  14.72  -922.76  29.44
  8.28  -941.16  29.44
  23.00  -942.08  0.00
  0.00  -923.68  0.00
  0.00  -927.36  1.84
  0.92  -942.08  1.84
  7.36  -927.36  1.84
  0.92  -927.36  1.84
  0.00  -927.36  0.00
   
-88.32  -705.64  -57.96
  -117.76  -942.08  -116.84
  -88.32  -706.56  125.12
  -88.32  -706.56  -117.76
  0.00  -942.08  -110.40
  0.00  -706.56  -235.52
  0.00  -706.56  -116.84
  0.00  -942.08  -352.36
  0.00  -942.08  -352.36
  0.00  -942.08  -353.28
  29.44  -942.08  -463.68
  -88.32  -942.08  -463.68
  -88.32  -942.08  -463.68
  -117.76  -940.24  -465.52
  0.92  -936.56  -465.52
  0.00  -942.08  -471.04
  0.00  -883.20  -471.04
  0.00  -912.64  -463.68
  15.64  -942.08  -471.04
  15.64  -912.64  -471.04
  0.92  -822.48  -469.20
  0.92  -822.48  -471.04
  0.92  -936.56  -469.20
  0.00  -942.08  -323.84
   
1.84  -942.08  -456.32
  0.92  -910.80  -412.16
  0.00  -940.24  -463.68
  4.60  -941.16  -463.68
  8.28  -875.84  -463.68
  3.68  -942.08  -471.04
  11.96  -934.72  -471.04
  29.44  -942.08  -942.08
  58.88  -942.08  -912.64
  58.88  -927.36  -912.64
  58.88  -942.08  -942.08
  -29.44  -942.08  -942.08
  -29.44  -912.64  -942.08
  0.00  -912.64  -942.08
  29.44  -942.08  -942.08
  29.44  -942.08  -942.08
  29.44  -942.08  -941.16
  0.00  -452.64  -939.32
  0.00  -452.64  -941.16
  0.00  -467.36  -941.16
  0.00  -927.36  -939.32
  0.00  -456.32  -942.08
  0.00  -471.04  -942.08
  0.00  -467.36  -941.16
   
1.84  -471.04  -942.08
  1.84  -471.04  -942.08
  1.84  -353.28  -940.24
  1.84  -353.28  -940.24
  0.00  -353.28  -927.36
  0.00  -353.28  -515.20
  1.84  -353.28  -511.52
  0.00  -471.04  -671.60
  58.88  -471.04  -908.04
  1.84  -471.04  -912.64
  58.88  -471.04  -912.64
  -58.88  -471.04  -677.12
  -58.88  -463.68  -942.08
  0.00  -463.68  -691.84
  58.88  -345.92  -925.52
  0.00  -471.04  -691.84
  29.44  -441.60  -942.08
  33.12  -471.04  -942.08
  29.44  -471.04  -706.56
  0.00  -441.60  -691.84
  0.00  -456.32  -702.88
  1.84  -471.04  -706.56
  31.28  -456.32  -702.88
  36.80  -471.04  -702.88
   
7.36  -471.04  -911.72
  0.00  -448.96  -529.00
  7.36  -470.12  -677.12
  0.00  -462.76  -493.12
  11.04  -463.68  -942.08
  7.36  -419.52  -529.00
  0.00  -452.64  -941.16
  0.00  -456.32  -941.16
  0.92  -456.32  -942.08
  15.64  -441.60  -912.64
  15.64  -468.28  -912.64
  7.36  -353.28  -669.76
  5.52  -351.44  -942.08
  13.80  -471.04  -677.12
  0.92  -353.28  -912.64
  11.96  -463.68  -673.44
  0.92  -471.04  -938.40
  22.08  -471.04  -908.96
  8.28  -463.68  -677.12
  0.00  -463.68  -677.12
  7.36  -471.04  -677.12
  14.72  -471.04  -940.24
  0.00  -471.04  -942.08
  0.00  -471.04  -940.24
   
0.00  -469.20  -942.08
  14.72  -471.04  -942.08
  14.72  -353.28  -942.08
  14.72  -353.28  -942.08
  7.36  -353.28  -941.16
  0.00  -338.56  -940.24
  38.64  -353.28  -941.16
  60.72  -446.20  -941.16
  90.16  -446.20  -942.08
  78.20  -462.76  -912.64
  107.64  -470.12  -912.64
  15.64  -441.60  -675.28
  0.00  -455.40  -942.08
  14.72  -425.96  -677.12
  0.00  -353.28  -912.64
  29.44  -471.04  -942.08
  29.44  -471.04  -942.08
  29.44  -469.20  -942.08
  14.72  -465.52  -942.08
  44.16  -436.08  -942.08
  58.88  -436.08  -942.08
  58.88  -441.60  -942.08
  58.88  -436.08  -942.08
  0.00  -469.20  -942.08