
-43.50  100.05  -352.35
-60.90  52.20  -404.55
34.80  121.80  -65.25
13.05  108.75  -387.15
-78.30  78.30  -343.65
-21.75  56.55  -408.90
-60.90  47.85  -387.15
-47.85  26.10  -574.20
-47.85  21.75  -574.20
-47.85  21.75  -574.20
-47.85  21.75  -574.20
-47.85  21.75  -574.20
-47.85  21.75  -574.20
-47.85  21.75  -574.20
-47.85  21.75  -574.20
-47.85  21.75  -578.55
-47.85  21.75  -574.20
-47.85  21.75  -574.20
47.85  100.05  -352.35
-65.25  52.20  -404.55
34.80  121.80  -69.60
13.05  108.75  -387.15
-78.30  73.95  -343.65
-21.75  56.55  -413.25
-56.55  47.85  -391.50
-47.85  21.75  -574.20
-47.85  21.75  -574.20
-47.85  21.75  -574.20
-52.20  21.75  -578.55
-52.20  21.75  -578.55
-47.85  21.75  -574.20
-47.85  26.10  -574.20
-47.85  21.75  -574.20
-47.85  21.75  -574.20
-47.85  21.75  -574.20
-52.20  21.75  -574.20
43.50  100.05  -352.35
-60.90  56.55  -408.90
34.80  121.80  -69.60
8.70  104.40  -391.50
-73.95  78.30  -339.30
-21.75  52.20  -408.90
-56.55  52.20  -387.15
-47.85  26.10  -574.20
-47.85  26.10  -574.20
-47.85  26.10  -574.20
-47.85  21.75  -574.20
-47.85  21.75  -574.20
-47.85  21.75  -574.20
-47.85  21.75  -574.20
-52.20  21.75  -574.20
-47.85  21.75  -574.20
-47.85  21.75  -574.20
-47.85  21.75  -574.20
47.85  100.05  -352.35
-65.25  56.55  -408.90
34.80  121.80  -65.25
8.70  113.10  -387.15
-78.30  73.95  -343.65
-21.75  56.55  -408.90
-56.55  43.50  -387.15
-47.85  21.75  -574.20
-47.85  21.75  -578.55
-47.85  21.75  -574.20
-47.85  21.75  -574.20
-47.85  21.75  -574.20
-47.85  21.75  -574.20
-43.50  21.75  -574.20
-43.50  21.75  -574.20
-43.50  21.75  -574.20
-43.50  26.10  -574.20
-47.85  17.40  -578.55
47.85  104.40  -352.35
-65.25  52.20  -408.90
34.80  121.80  -69.60
8.70  113.10  -391.50
-73.95  73.95  -343.65
-17.40  52.20  -413.25
-56.55  47.85  -391.50
-47.85  21.75  -574.20
-47.85  21.75  -574.20
-47.85  21.75  -574.20
-47.85  21.75  -578.55
-47.85  21.75  -574.20
-47.85  21.75  -574.20
-47.85  21.75  -574.20
-52.20  26.10  -574.20
-47.85  26.10  -569.85
-47.85  26.10  -569.85
-47.85  26.10  -574.20
43.50  104.40  -348.00
-60.90  56.55  -408.90
34.80  121.80  -69.60
8.70  113.10  -391.50
-78.30  73.95  -339.30
-21.75  52.20  -413.25
-56.55  47.85  -391.50
-52.20  26.10  -574.20
-47.85  26.10  -574.20
-47.85  26.10  -574.20
-47.85  26.10  -574.20
-47.85  21.75  -574.20
-47.85  26.10  -574.20
-52.20  21.75  -578.55
-52.20  21.75  -578.55
-47.85  26.10  -574.20
-43.50  26.10  -574.20
-52.20  21.75  -574.20
47.85  100.05  -352.35
-60.90  52.20  -404.55
34.80  117.45  -65.25
8.70  108.75  -387.15
-73.95  78.30  -339.30
-21.75  52.20  -413.25
-56.55  47.85  -391.50
-47.85  21.75  -574.20
-47.85  21.75  -578.55
-47.85  21.75  -569.85
-47.85  21.75  -574.20
-47.85  21.75  -574.20
-47.85  21.75  -578.55
-47.85  26.10  -574.20
-47.85  21.75  -574.20
-47.85  21.75  -574.20
-47.85  26.10  -569.85
-47.85  26.10  -574.20
43.50  104.40  -352.35
-69.60  56.55  -413.25
34.80  121.80  -69.60
8.70  108.75  -387.15
-78.30  73.95  -343.65
-26.10  52.20  -413.25
-56.55  47.85  -391.50
-52.20  21.75  -578.55
-47.85  21.75  -574.20
-47.85  21.75  -574.20
-47.85  21.75  -574.20
-47.85  21.75  -574.20
-47.85  26.10  -574.20
-47.85  26.10  -574.20
-47.85  21.75  -574.20
-52.20  21.75  -574.20
-47.85  21.75  -574.20
-47.85  21.75  -574.20
43.50  100.05  -352.35
-65.25  52.20  -408.90
34.80  126.15  -65.25
8.70  108.75  -391.50
-78.30  78.30  -339.30
-21.75  56.55  -408.90
-56.55  47.85  -391.50
-47.85  21.75  -574.20
-47.85  26.10  -574.20
-47.85  21.75  -574.20
-52.20  21.75  -574.20
-52.20  21.75  -574.20
-47.85  26.10  -574.20
-47.85  21.75  -574.20
-47.85  21.75  -574.20
-47.85  21.75  -574.20
-43.50  21.75  -574.20
-47.85  26.10  -569.85
47.85  100.05  -348.00
-60.90  52.20  -404.55
34.80  126.15  -69.60
8.70  108.75  -387.15
-73.95  78.30  -339.30
-21.75  56.55  -408.90
-56.55  52.20  -387.15
-52.20  21.75  -574.20
-52.20  21.75  -574.20
-52.20  21.75  -574.20
-47.85  26.10  -574.20
-47.85  26.10  -574.20
-47.85  26.10  -574.20
-47.85  26.10  -574.20
-52.20  26.10  -574.20
-47.85  21.75  -574.20
-47.85  21.75  -574.20
-47.85  21.75  -574.20
47.85  100.05  -348.00
-60.90  52.20  -404.55
34.80  121.80  -65.25
8.70  108.75  -387.15
-73.95  78.30  -339.30
-21.75  56.55  -413.25
-56.55  52.20  -387.15
-47.85  26.10  -574.20
-47.85  21.75  -574.20
-47.85  21.75  -574.20
-47.85  21.75  -574.20
-47.85  26.10  -574.20
-47.85  21.75  -574.20
-47.85  21.75  -574.20
-47.85  21.75  -574.20
-47.85  26.10  -574.20
-47.85  26.10  -569.85
-47.85  21.75  -569.85
47.85  100.05  -348.00
-60.90  56.55  -404.55
39.15  121.80  -69.60
13.05  108.75  -387.15
-69.60  78.30  -343.65
-21.75  56.55  -408.90
-56.55  47.85  -391.50
-47.85  26.10  -574.20
-47.85  26.10  -574.20
-52.20  21.75  -574.20
-52.20  26.10  -574.20
-60.90  21.75  -574.20
-60.90  21.75  -574.20
-60.90  26.10  -578.55
-60.90  21.75  -574.20
-65.25  21.75  -574.20
-65.25  21.75  -574.20
-60.90  17.40  -578.55
39.15  91.35  -352.35
-65.25  39.15  -413.25
39.15  104.40  -78.30
17.40  82.65  -395.85
-69.60  47.85  -352.35
-17.40  17.40  -421.95
-65.25  0.00  -413.25
-56.55  -30.45  -600.30
-56.55  -43.50  -604.65
-56.55  -43.50  -604.65
-52.20  -56.55  -604.65
-26.10  -65.25  -604.65
-8.70  -78.30  -604.65
-8.70  -87.00  -604.65
-8.70  -87.00  -604.65
-13.05  -91.35  -609.00
-13.05  -95.70  -604.65
-8.70  -100.05  -609.00
73.95  -17.40  -378.45
-17.40  -78.30  -443.70
73.95  -4.35  -100.05
47.85  -17.40  -417.60
-26.10  -60.90  -378.45
21.75  -82.65  -448.05
-17.40  -87.00  -426.30
4.35  -126.15  -613.35
4.35  -126.15  -613.35
4.35  -126.15  -613.35
8.70  -130.50  -613.35
13.05  -130.50  -613.35
13.05  -130.50  -613.35
17.40  -134.85  -609.00
17.40  -139.20  -609.00
21.75  -139.20  -613.35
21.75  -139.20  -613.35
21.75  -139.20  -613.35
113.10  -65.25  -378.45
34.80  -121.80  -435.00
134.85  -65.25  -95.70
113.10  -82.65  -413.25
43.50  -139.20  -365.40
91.35  -156.60  -439.35
52.20  -187.05  -413.25
73.95  -208.80  -595.95
73.95  -208.80  -595.95
82.65  -226.20  -591.60
87.00  -234.90  -591.60
87.00  -243.60  -587.25
87.00  -243.60  -587.25
91.35  -252.30  -582.90
100.05  -261.00  -578.55
108.75  -269.70  -578.55
108.75  -278.40  -569.85
108.75  -278.40  -569.85
195.75  -200.10  -356.70
108.75  -265.35  -391.50
200.10  -195.75  -56.55
174.00  -195.75  -374.10
108.75  -261.00  -321.90
91.35  -156.60  -439.35
130.50  -291.45  -352.35
165.30  -326.25  -526.35
169.65  -330.60  -517.65
169.65  -330.60  -517.65
169.65  -330.60  -517.65
187.05  -334.95  -504.60
191.40  -334.95  -495.90
208.80  -334.95  -487.20
217.50  -334.95  -474.15
217.50  -334.95  -474.15
230.55  -326.25  -461.10
243.60  -321.90  -448.05
352.35  -230.55  -256.65
247.95  -287.10  -265.35
334.95  -213.15  60.90
317.55  -191.40  -261.00
252.30  -243.60  -178.35
321.90  -247.95  -247.95
269.70  -243.60  -200.10
295.80  -261.00  -382.80
295.80  -261.00  -382.80
308.85  -239.25  -361.05
313.20  -230.55  -352.35
317.55  -217.50  -339.30
317.55  -217.50  -339.30
321.90  -204.45  -330.60
326.25  -191.40  -313.20
330.60  -178.35  -304.50
326.25  -160.95  -300.15
326.25  -160.95  -300.15
443.70  -65.25  -147.90
326.25  -113.10  -130.50
413.25  -30.45  217.50
382.80  -17.40  -130.50
304.50  -65.25  -52.20
365.40  -60.90  -121.80
304.50  -43.50  -82.65
317.55  -69.60  -269.70
317.55  -69.60  -269.70
317.55  -69.60  -269.70
308.85  -47.85  -261.00
308.85  -39.15  -256.65
308.85  -30.45  -247.95
308.85  -30.45  -247.95
304.50  -21.75  -243.60
300.15  -13.05  -243.60
300.15  -13.05  -243.60
300.15  -13.05  -243.60
421.95  78.30  -104.40
326.25  -113.10  -130.50
391.50  73.95  247.95
365.40  73.95  -104.40
287.10  17.40  -26.10
352.35  -4.35  -108.75
295.80  -13.05  -82.65
317.55  -69.60  -269.70
317.55  -69.60  -269.70
321.90  -78.30  -278.40
321.90  -100.05  -295.80
321.90  -113.10  -304.50
321.90  -113.10  -304.50
321.90  -113.10  -304.50
321.90  -139.20  -326.25
321.90  -156.60  -334.95
317.55  -165.30  -339.30
317.55  -165.30  -339.30
426.30  -87.00  -187.05
308.85  -152.25  -178.35
400.20  -95.70  147.90
369.75  -87.00  -191.40
291.45  -152.25  -121.80
356.70  -169.65  -208.80
291.45  -174.00  -174.00
317.55  -208.80  -356.70
313.20  -213.15  -361.05
313.20  -217.50  -352.35
313.20  -217.50  -352.35
317.55  -221.85  -352.35
321.90  -226.20  -348.00
313.20  -230.55  -348.00
317.55  -230.55  -352.35
317.55  -230.55  -352.35
321.90  -230.55  -348.00
317.55  -230.55  -339.30
426.30  -147.90  -182.70
317.55  -200.10  -160.95
404.55  -134.85  174.00
378.45  -117.45  -165.30
304.50  -187.05  -87.00
369.75  -187.05  -165.30
313.20  -182.70  -113.10
334.95  -213.15  -295.80
334.95  -208.80  -291.45
334.95  -204.45  -282.75
339.30  -195.75  -269.70
343.65  -191.40  -256.65
343.65  -191.40  -256.65
343.65  -191.40  -256.65
343.65  -178.35  -234.90
343.65  -174.00  -230.55
343.65  -174.00  -226.20
343.65  -174.00  -226.20
465.45  -87.00  -82.65
348.00  -139.20  -47.85
426.30  -78.30  282.75
400.20  -65.25  -65.25
321.90  -134.85  4.35
387.15  -143.55  -73.95
326.25  -143.55  -34.80
343.65  -182.70  -226.20
343.65  -182.70  -226.20
343.65  -182.70  -226.20
343.65  -195.75  -243.60
343.65  -204.45  -247.95
343.65  -213.15  -247.95
343.65  -221.85  -252.30
343.65  -221.85  -252.30
343.65  -230.55  -256.65
343.65  -234.90  -256.65
339.30  -243.60  -265.35
452.40  -169.65  -126.15
330.60  -230.55  -104.40
426.30  -78.30  282.75
382.80  -174.00  -134.85
308.85  -243.60  -60.90
365.40  -265.35  -143.55
295.80  -269.70  -104.40
326.25  -313.20  -295.80
321.90  -326.25  -304.50
313.20  -330.60  -317.55
308.85  -343.65  -330.60
308.85  -343.65  -330.60
308.85  -343.65  -330.60
295.80  -356.70  -343.65
287.10  -369.75  -356.70
282.75  -374.10  -365.40
282.75  -374.10  -365.40
278.40  -382.80  -365.40
378.45  -304.50  -195.75
265.35  -365.40  -182.70
356.70  -304.50  169.65
339.30  -287.10  -152.25
261.00  -369.75  -69.60
321.90  -369.75  -147.90
261.00  -374.10  -104.40
282.75  -417.60  -304.50
282.75  -417.60  -304.50
282.75  -417.60  -304.50
265.35  -421.95  -334.95
261.00  -421.95  -356.70
256.65  -421.95  -369.75
256.65  -421.95  -369.75
256.65  -421.95  -369.75
247.95  -430.65  -374.10
243.60  -435.00  -365.40
247.95  -435.00  -361.05
348.00  -361.05  -191.40
234.90  -417.60  -178.35
326.25  -343.65  147.90
304.50  -321.90  -182.70
230.55  -400.20  -117.45
278.40  -408.90  -195.75
221.85  -408.90  -152.25
243.60  -443.70  -356.70
239.25  -448.05  -365.40
230.55  -448.05  -378.45
217.50  -452.40  -395.85
217.50  -452.40  -413.25
195.75  -461.10  -413.25
178.35  -469.80  -426.30
160.95  -474.15  -439.35
152.25  -482.85  -435.00
152.25  -482.85  -435.00
152.25  -482.85  -435.00
256.65  -413.25  -234.90
147.90  -469.80  -243.60
326.25  -343.65  147.90
213.15  -378.45  -252.30
126.15  -452.40  -204.45
174.00  -452.40  -278.40
121.80  -452.40  -247.95
139.20  -469.80  -461.10
134.85  -465.45  -478.50
134.85  -465.45  -478.50
126.15  -456.75  -487.20
117.45  -452.40  -495.90
113.10  -461.10  -491.55
113.10  -465.45  -487.20
113.10  -465.45  -491.55
104.40  -469.80  -491.55
95.70  -469.80  -495.90
91.35  -474.15  -495.90
178.35  -404.55  -282.75
69.60  -465.45  -304.50
160.95  -391.50  17.40
139.20  -374.10  -304.50
52.20  -443.70  -261.00
174.00  -452.40  -278.40
60.90  -456.75  -291.45
69.60  -487.20  -495.90
60.90  -500.25  -495.90
52.20  -495.90  -495.90
47.85  -504.60  -495.90
47.85  -504.60  -495.90
43.50  -504.60  -491.55
34.80  -508.95  -491.55
21.75  -513.30  -491.55
21.75  -513.30  -491.55
21.75  -513.30  -491.55
17.40  -526.35  -491.55
100.05  -452.40  -269.70
-13.05  -513.30  -291.45
73.95  -443.70  34.80
52.20  -435.00  -287.10
-39.15  -508.95  -239.25
8.70  -508.95  -313.20
-34.80  -517.65  -265.35
-21.75  -548.10  -474.15
-26.10  -548.10  -474.15
-39.15  -548.10  -474.15
-39.15  -548.10  -478.50
-39.15  -548.10  -478.50
-39.15  -548.10  -478.50
-43.50  -543.75  -478.50
-43.50  -543.75  -482.85
-52.20  -548.10  -478.50
-52.20  -548.10  -478.50
-52.20  -548.10  -478.50
21.75  -487.20  -252.30
-87.00  -543.75  -269.70
4.35  -465.45  52.20
-21.75  -456.75  -269.70
-113.10  -535.05  -226.20
-73.95  -530.70  -291.45
-104.40  -543.75  -247.95
-108.75  -569.85  -456.75
-113.10  -569.85  -456.75
-113.10  -569.85  -456.75
-117.45  -574.20  -448.05
-121.80  -578.55  -448.05
-130.50  -578.55  -448.05
-134.85  -582.90  -443.70
-134.85  -582.90  -439.35
-134.85  -582.90  -439.35
-134.85  -582.90  -439.35
-143.55  -582.90  -435.00
-52.20  -508.95  -217.50
-160.95  -569.85  -230.55
-69.60  -491.55  87.00
-82.65  -474.15  -234.90
-182.70  -561.15  -191.40
-130.50  -552.45  -256.65
-160.95  -561.15  -213.15
-160.95  -591.60  -426.30
-160.95  -591.60  -421.95
-160.95  -591.60  -421.95
-169.65  -595.95  -417.60
-174.00  -595.95  -413.25
-174.00  -604.65  -404.55
-182.70  -604.65  -395.85
-182.70  -609.00  -391.50
-182.70  -609.00  -391.50
-182.70  -609.00  -391.50
-182.70  -604.65  -400.20
-82.65  -526.35  -187.05
-195.75  -582.90  -200.10
-104.40  -504.60  121.80
-113.10  -491.55  -204.45
-221.85  -569.85  -156.60
-174.00  -565.50  -217.50
-200.10  -574.20  -169.65
-204.45  -609.00  -378.45
-204.45  -613.35  -374.10
-204.45  -613.35  -374.10
-204.45  -613.35  -374.10
-213.15  -613.35  -369.75
-213.15  -613.35  -361.05
-213.15  -613.35  -361.05
-217.50  -613.35  -361.05
-213.15  -617.70  -356.70
-213.15  -617.70  -356.70
-221.85  -617.70  -356.70
-113.10  -539.40  -143.55
-234.90  -591.60  -134.85
-143.55  -526.35  174.00
-147.90  -504.60  -143.55
-261.00  -587.25  -91.35
-208.80  -578.55  -160.95
-226.20  -582.90  -117.45
-234.90  -622.05  -334.95
-230.55  -622.05  -330.60
-234.90  -622.05  -330.60
-234.90  -622.05  -330.60
-234.90  -622.05  -330.60
-234.90  -626.40  -317.55
-234.90  -630.75  -313.20
-234.90  -630.75  -308.85
-234.90  -630.75  -304.50
-234.90  -630.75  -304.50
-234.90  -630.75  -304.50
-130.50  -552.45  -100.05
-247.95  -604.65  -87.00
-156.60  -535.05  221.85
-156.60  -517.65  -108.75
-269.70  -600.30  -47.85
-213.15  -591.60  -126.15
-234.90  -595.95  -78.30
-243.60  -635.10  -287.10
-243.60  -635.10  -282.75
-239.25  -635.10  -282.75
-243.60  -635.10  -282.75
-243.60  -635.10  -282.75
-239.25  -635.10  -282.75
-239.25  -635.10  -282.75
-239.25  -635.10  -278.40
-243.60  -639.45  -282.75
-243.60  -639.45  -274.05
-243.60  -639.45  -274.05
-130.50  -565.50  -78.30
-243.60  -613.35  -47.85
-156.60  -539.40  265.35
-156.60  -522.00  -60.90
-265.35  -613.35  4.35
-217.50  -600.30  -73.95
-234.90  -600.30  -26.10
-243.60  -639.45  -274.05
-243.60  -639.45  -230.55
-243.60  -639.45  -230.55
-243.60  -639.45  -230.55
-243.60  -639.45  -230.55
-247.95  -643.80  -226.20
-247.95  -639.45  -221.85
-247.95  -643.80  -213.15
-247.95  -643.80  -208.80
-247.95  -643.80  -208.80
-243.60  -643.80  -200.10
-130.50  -574.20  -13.05
-239.25  -613.35  26.10
-156.60  -548.10  339.30
-156.60  -522.00  -21.75
-269.70  -613.35  56.55
-221.85  -604.65  -26.10
-243.60  -600.30  17.40
-247.95  -643.80  -182.70
-247.95  -643.80  -182.70
-247.95  -643.80  -182.70
-247.95  -643.80  -182.70
-243.60  -643.80  -174.00
-243.60  -643.80  -165.30
-247.95  -643.80  -160.95
-239.25  -643.80  -156.60
-239.25  -643.80  -156.60
-239.25  -643.80  -156.60
-243.60  -643.80  -152.25
-130.50  -574.20  17.40
-239.25  -613.35  26.10
-152.25  -543.75  374.10
-160.95  -526.35  13.05
-265.35  -613.35  95.70
-217.50  -604.65  17.40
-239.25  -595.95  69.60
-243.60  -639.45  -139.20
-243.60  -639.45  -139.20
-239.25  -643.80  -134.85
-243.60  -643.80  -130.50
-243.60  -643.80  -130.50
-239.25  -639.45  -134.85
-239.25  -643.80  -134.85
-239.25  -643.80  -134.85
-239.25  -643.80  -130.50
-239.25  -639.45  -126.15
-239.25  -643.80  -130.50
-130.50  -569.85  39.15
-230.55  -609.00  91.35
-152.25  -543.75  395.85
-160.95  -526.35  13.05
-256.65  -613.35  126.15
-213.15  -600.30  43.50
-239.25  -595.95  87.00
-234.90  -643.80  -117.45
-234.90  -643.80  -113.10
-230.55  -639.45  -108.75
-230.55  -643.80  -108.75
-230.55  -643.80  -104.40
-230.55  -643.80  -104.40
-226.20  -643.80  -95.70
-226.20  -643.80  -95.70
-226.20  -639.45  -95.70
-226.20  -639.45  -95.70
-226.20  -639.45  -95.70
-117.45  -556.80  73.95
-217.50  -604.65  130.50
-134.85  -539.40  439.35
-143.55  -517.65  82.65
-243.60  -604.65  165.30
-200.10  -595.95  82.65
-217.50  -595.95  130.50
-208.80  -639.45  -73.95
-208.80  -635.10  -73.95
-208.80  -635.10  -69.60
-208.80  -635.10  -69.60
-204.45  -635.10  -65.25
-200.10  -635.10  -60.90
-200.10  -630.75  -60.90
-191.40  -635.10  -56.55
-191.40  -635.10  -56.55
-195.75  -635.10  -56.55
-191.40  -635.10  -56.55
-87.00  -548.10  104.40
-178.35  -595.95  165.30
-104.40  -526.35  474.15
-117.45  -508.95  117.45
-200.10  -600.30  200.10
-160.95  -591.60  117.45
-191.40  -587.25  165.30
-182.70  -635.10  -52.20
-182.70  -635.10  -52.20
-187.05  -635.10  -52.20
-182.70  -630.75  -47.85
-182.70  -630.75  -47.85
-182.70  -630.75  -47.85
-182.70  -630.75  -47.85
-174.00  -630.75  -39.15
-174.00  -630.75  -43.50
-169.65  -635.10  -39.15
-160.95  -630.75  -34.80
-60.90  -552.45  117.45
-143.55  -591.60  178.35
-69.60  -530.70  487.20
-82.65  -508.95  134.85
-160.95  -600.30  217.50
-117.45  -587.25  139.20
-147.90  -587.25  191.40
-134.85  -626.40  -21.75
-134.85  -626.40  -13.05
-134.85  -626.40  -13.05
-134.85  -626.40  -13.05
-130.50  -626.40  -13.05
-130.50  -622.05  -13.05
-121.80  -622.05  -8.70
-117.45  -622.05  -4.35
-117.45  -622.05  -4.35
-113.10  -622.05  -4.35
-108.75  -617.70  0.00
0.00  -530.70  160.95
-87.00  -569.85  221.85
-17.40  -504.60  539.40
-26.10  -482.85  182.70
-108.75  -574.20  265.35
-69.60  -565.50  182.70
-104.40  -552.45  243.60
-91.35  -604.65  21.75
-91.35  -604.65  21.75
-87.00  -604.65  21.75
-87.00  -604.65  21.75
-87.00  -604.65  21.75
-82.65  -604.65  30.45
-73.95  -595.95  34.80
-73.95  -595.95  34.80
-73.95  -595.95  34.80
-73.95  -591.60  43.50
-78.30  -587.25  47.85
39.15  -495.90  195.75
-56.55  -539.40  261.00
13.05  -478.50  569.85
8.70  -461.10  213.15
-69.60  -556.80  282.75
-26.10  -548.10  200.10
-60.90  -539.40  256.65
-43.50  -591.60  34.80
-43.50  -595.95  30.45
-43.50  -595.95  30.45
-39.15  -591.60  34.80
-34.80  -591.60  30.45
-34.80  -595.95  30.45
-34.80  -595.95  30.45
-34.80  -591.60  30.45
-30.45  -595.95  26.10
-34.80  -595.95  26.10
-34.80  -595.95  26.10
82.65  -508.95  174.00
-17.40  -552.45  234.90
47.85  -495.90  543.75
34.80  -469.80  187.05
-52.20  -565.50  256.65
-8.70  -561.15  182.70
-43.50  -548.10  234.90
-30.45  -600.30  13.05
-30.45  -604.65  8.70
-30.45  -604.65  13.05
-30.45  -604.65  13.05
-30.45  -604.65  13.05
-26.10  -609.00  4.35
-21.75  -609.00  0.00
-21.75  -609.00  0.00
-21.75  -609.00  0.00
-17.40  -613.35  -8.70
-17.40  -613.35  -8.70
104.40  -522.00  143.55
-4.35  -569.85  204.45
65.25  -508.95  517.65
56.55  -478.50  160.95
-39.15  -578.55  230.55
4.35  -569.85  156.60
-34.80  -561.15  213.15
-26.10  -617.70  -8.70
-26.10  -617.70  -8.70
-26.10  -617.70  -8.70
-30.45  -617.70  -13.05
-34.80  -617.70  -13.05
-34.80  -617.70  -13.05
-34.80  -617.70  -13.05
-30.45  -617.70  -13.05
-30.45  -617.70  -17.40
-34.80  -617.70  -13.05
-34.80  -617.70  -13.05
95.70  -526.35  134.85
-13.05  -582.90  191.40
52.20  -513.30  500.25
52.20  -491.55  139.20
-39.15  -595.95  204.45
8.70  -578.55  130.50
-34.80  -565.50  191.40
-34.80  -617.70  -13.05
-34.80  -617.70  -13.05
-13.05  -617.70  -21.75
-13.05  -617.70  -26.10
-8.70  -617.70  -26.10
-8.70  -617.70  -26.10
-13.05  -622.05  -26.10
-13.05  -626.40  -30.45
-13.05  -617.70  -30.45
-13.05  -617.70  -30.45
-13.05  -622.05  -34.80
126.15  -522.00  113.10
13.05  -578.55  174.00
87.00  -513.30  482.85
78.30  -482.85  130.50
-17.40  -591.60  204.45
30.45  -574.20  126.15
-26.10  -565.50  191.40
0.00  -617.70  -30.45
4.35  -622.05  -30.45
4.35  -617.70  -34.80
4.35  -617.70  -30.45
13.05  -617.70  -30.45
21.75  -613.35  -43.50
34.80  -613.35  -47.85
34.80  -613.35  -47.85
34.80  -613.35  -47.85
47.85  -609.00  -47.85
52.20  -609.00  -52.20
200.10  -513.30  91.35
73.95  -561.15  152.25
156.60  -500.25  465.45
156.60  -461.10  100.05
69.60  -569.85  169.65
130.50  -552.45  82.65
91.35  -539.40  134.85
113.10  -591.60  -87.00
113.10  -591.60  -87.00
113.10  -591.60  -87.00
130.50  -582.90  -95.70
139.20  -582.90  -100.05
147.90  -578.55  -108.75
147.90  -578.55  -121.80
147.90  -578.55  -121.80
152.25  -578.55  -130.50
160.95  -574.20  -143.55
160.95  -574.20  -152.25
295.80  -478.50  -4.35
174.00  -530.70  39.15
256.65  -469.80  343.65
247.95  -430.65  -30.45
160.95  -530.70  43.50
221.85  -517.65  -43.50
91.35  -539.40  134.85
191.40  -552.45  -213.15
195.75  -548.10  -217.50
195.75  -548.10  -226.20
195.75  -548.10  -226.20
195.75  -543.75  -234.90
195.75  -548.10  -234.90
195.75  -548.10  -239.25
195.75  -548.10  -243.60
195.75  -548.10  -243.60
195.75  -548.10  -243.60
187.05  -548.10  -247.95
313.20  -456.75  -87.00
195.75  -508.95  -60.90
274.05  -452.40  247.95
256.65  -417.60  -95.70
165.30  -517.65  -30.45
217.50  -508.95  -113.10
169.65  -500.25  -69.60
182.70  -548.10  -274.05
182.70  -548.10  -278.40
187.05  -539.40  -278.40
195.75  -539.40  -287.10
195.75  -539.40  -287.10
195.75  -539.40  -287.10
195.75  -539.40  -282.75
200.10  -530.70  -278.40
204.45  -526.35  -278.40
200.10  -526.35  -287.10
200.10  -526.35  -287.10
326.25  -443.70  -121.80
200.10  -504.60  -87.00
282.75  -435.00  226.20
261.00  -404.55  -121.80
174.00  -500.25  -56.55
217.50  -508.95  -113.10
178.35  -487.20  -87.00
200.10  -526.35  -287.10
195.75  -530.70  -295.80
195.75  -530.70  -295.80
195.75  -530.70  -295.80
195.75  -530.70  -300.15
191.40  -530.70  -300.15
187.05  -535.05  -304.50
187.05  -535.05  -304.50
187.05  -535.05  -304.50
182.70  -539.40  -308.85
182.70  -539.40  -308.85
300.15  -461.10  -134.85
178.35  -522.00  -104.40
256.65  -452.40  208.80
239.25  -426.30  -134.85
147.90  -517.65  -73.95
200.10  -513.30  -152.25
152.25  -500.25  -108.75
169.65  -548.10  -313.20
174.00  -543.75  -317.55
174.00  -543.75  -313.20
169.65  -543.75  -317.55
169.65  -543.75  -317.55
169.65  -543.75  -317.55
169.65  -539.40  -343.65
165.30  -535.05  -352.35
160.95  -530.70  -365.40
160.95  -526.35  -378.45
160.95  -526.35  -378.45
269.70  -443.70  -195.75
156.60  -504.60  -187.05
234.90  -426.30  126.15
217.50  -400.20  -213.15
134.85  -487.20  -156.60
182.70  -478.50  -239.25
130.50  -478.50  -195.75
160.95  -526.35  -378.45
134.85  -513.30  -413.25
134.85  -517.65  -417.60
130.50  -517.65  -417.60
130.50  -513.30  -421.95
130.50  -508.95  -426.30
134.85  -504.60  -430.65
134.85  -504.60  -430.65
134.85  -504.60  -430.65
130.50  -495.90  -439.35
130.50  -500.25  -435.00
230.55  -421.95  -247.95
121.80  -487.20  -256.65
204.45  -408.90  60.90
182.70  -378.45  -269.70
100.05  -461.10  -221.85
152.25  -452.40  -300.15
100.05  -448.05  -256.65
121.80  -482.85  -465.45
121.80  -482.85  -465.45
117.45  -478.50  -469.80
117.45  -474.15  -469.80
121.80  -474.15  -474.15
121.80  -474.15  -474.15
121.80  -474.15  -474.15
117.45  -465.45  -478.50
117.45  -461.10  -482.85
117.45  -456.75  -491.55
113.10  -452.40  -491.55
213.15  -378.45  -287.10
108.75  -435.00  -317.55
195.75  -343.65  0.00
169.65  -326.25  -321.90
87.00  -400.20  -274.05
152.25  -452.40  -300.15
95.70  -400.20  -304.50
117.45  -430.65  -508.95
108.75  -421.95  -513.30
108.75  -421.95  -513.30
108.75  -421.95  -513.30
113.10  -417.60  -517.65
108.75  -408.90  -522.00
113.10  -408.90  -522.00
113.10  -408.90  -522.00
113.10  -408.90  -522.00
121.80  -387.15  -526.35
121.80  -387.15  -526.35
208.80  -317.55  -321.90
108.75  -387.15  -348.00
195.75  -308.85  -21.75
174.00  -287.10  -343.65
91.35  -361.05  -300.15
147.90  -352.35  -374.10
100.05  -343.65  -334.95
117.45  -374.10  -535.05
117.45  -374.10  -535.05
117.45  -369.75  -539.40
117.45  -361.05  -543.75
113.10  -361.05  -543.75
113.10  -361.05  -543.75
113.10  -356.70  -548.10
113.10  -343.65  -548.10
113.10  -334.95  -552.45
108.75  -330.60  -556.80
108.75  -330.60  -556.80
200.10  -247.95  -348.00
95.70  -300.15  -391.50
187.05  -208.80  -65.25
165.30  -178.35  -387.15
78.30  -234.90  -339.30
139.20  -234.90  -413.25
95.70  -243.60  -378.45
113.10  -269.70  -569.85
113.10  -265.35  -569.85
113.10  -265.35  -574.20
113.10  -256.65  -574.20
113.10  -247.95  -574.20
113.10  -243.60  -574.20
113.10  -234.90  -574.20
113.10  -234.90  -574.20
113.10  -234.90  -574.20
113.10  -239.25  -574.20
113.10  -230.55  -574.20
200.10  -143.55  -365.40
100.05  -204.45  -413.25
187.05  -121.80  -78.30
165.30  -117.45  -395.85
78.30  -169.65  -352.35
134.85  -169.65  -417.60
91.35  -169.65  -391.50
104.40  -191.40  -578.55
100.05  -182.70  -578.55
104.40  -174.00  -578.55
100.05  -169.65  -582.90
104.40  -165.30  -578.55
104.40  -165.30  -578.55
104.40  -165.30  -578.55
104.40  -152.25  -578.55
100.05  -147.90  -578.55
100.05  -143.55  -574.20
100.05  -143.55  -574.20
191.40  -56.55  -369.75
91.35  -121.80  -417.60
182.70  -39.15  -78.30
152.25  -39.15  -395.85
73.95  -78.30  -348.00
130.50  -82.65  -417.60
82.65  -87.00  -387.15
100.05  -143.55  -574.20
100.05  -143.55  -574.20
100.05  -143.55  -574.20
104.40  -87.00  -565.50
95.70  -82.65  -565.50
91.35  -78.30  -569.85
91.35  -78.30  -569.85
87.00  -73.95  -569.85
82.65  -69.60  -569.85
87.00  -60.90  -569.85
87.00  -60.90  -569.85
178.35  26.10  -361.05
73.95  -34.80  -413.25
169.65  39.15  -73.95
139.20  30.45  -391.50
60.90  0.00  -339.30
113.10  -21.75  -408.90
69.60  -26.10  -382.80
87.00  -43.50  -561.15
87.00  -34.80  -556.80
87.00  -26.10  -556.80
82.65  -21.75  -552.45
82.65  -21.75  -552.45
82.65  -21.75  -548.10
82.65  -8.70  -548.10
82.65  -8.70  -543.75
82.65  0.00  -543.75
78.30  0.00  -543.75
78.30  -4.35  -543.75
169.65  95.70  -343.65
65.25  43.50  -387.15
160.95  113.10  -43.50
130.50  104.40  -369.75
52.20  73.95  -308.85
108.75  56.55  -378.45
65.25  52.20  -352.35
82.65  30.45  -526.35
82.65  30.45  -526.35
87.00  43.50  -513.30
91.35  47.85  -508.95
91.35  47.85  -508.95
91.35  47.85  -504.60
95.70  52.20  -504.60
95.70  52.20  -504.60
95.70  52.20  -504.60
95.70  56.55  -500.25
91.35  60.90  -500.25
191.40  160.95  -300.15
82.65  108.75  -339.30
182.70  178.35  4.35
152.25  165.30  -321.90
69.60  130.50  -256.65
134.85  113.10  -330.60
87.00  108.75  -304.50
100.05  82.65  -474.15
100.05  82.65  -474.15
100.05  87.00  -469.80
104.40  91.35  -456.75
104.40  95.70  -452.40
104.40  95.70  -452.40
104.40  104.40  -443.70
108.75  113.10  -435.00
108.75  113.10  -430.65
108.75  113.10  -430.65
108.75  113.10  -430.65
221.85  226.20  -234.90
108.75  178.35  -256.65
200.10  239.25  87.00
174.00  226.20  -243.60
95.70  195.75  -174.00
152.25  169.65  -252.30
108.75  165.30  -230.55
113.10  126.15  -395.85
113.10  126.15  -395.85
117.45  130.50  -387.15
113.10  130.50  -382.80
113.10  130.50  -382.80
113.10  130.50  -382.80
113.10  134.85  -374.10
117.45  139.20  -374.10
117.45  139.20  -365.40
117.45  139.20  -365.40
117.45  139.20  -365.40
239.25  261.00  -182.70
126.15  208.80  -191.40
217.50  265.35  152.25
187.05  256.65  -187.05
108.75  226.20  -108.75
165.30  200.10  -191.40
113.10  200.10  -165.30
121.80  152.25  -330.60
121.80  152.25  -330.60
121.80  156.60  -313.20
117.45  160.95  -304.50
117.45  160.95  -304.50
117.45  160.95  -304.50
117.45  165.30  -287.10
121.80  174.00  -282.75
117.45  174.00  -274.05
117.45  174.00  -274.05
117.45  174.00  -274.05
247.95  291.45  -91.35
126.15  247.95  -69.60
217.50  304.50  265.35
187.05  291.45  -82.65
108.75  252.30  4.35
165.30  226.20  -73.95
113.10  239.25  -43.50
113.10  187.05  -226.20
108.75  187.05  -217.50
113.10  187.05  -213.15
113.10  187.05  -213.15
113.10  187.05  -213.15
113.10  187.05  -195.75
108.75  191.40  -187.05
108.75  191.40  -174.00
108.75  191.40  -174.00
104.40  191.40  -160.95
100.05  195.75  -152.25
234.90  300.15  13.05
113.10  256.65  56.55
200.10  308.85  387.15
178.35  295.80  30.45
87.00  256.65  126.15
147.90  230.55  52.20
100.05  243.60  82.65
100.05  187.05  -100.05
100.05  187.05  -100.05
100.05  187.05  -100.05
100.05  178.35  -73.95
100.05  178.35  -56.55
95.70  174.00  -47.85
95.70  174.00  -47.85
95.70  174.00  -39.15
91.35  169.65  -30.45
91.35  169.65  -30.45
91.35  169.65  -30.45
230.55  247.95  134.85
100.05  208.80  204.45
187.05  256.65  535.05
165.30  247.95  160.95
78.30  200.10  256.65
134.85  178.35  174.00
87.00  195.75  208.80
82.65  147.90  17.40
87.00  143.55  21.75
87.00  143.55  21.75
87.00  143.55  21.75
87.00  139.20  26.10
87.00  134.85  30.45
87.00  134.85  30.45
91.35  134.85  34.80
91.35  130.50  39.15
91.35  130.50  39.15
91.35  130.50  39.15
243.60  204.45  174.00
113.10  165.30  247.95
200.10  208.80  574.20
174.00  200.10  204.45
87.00  143.55  313.20
147.90  117.45  226.20
100.05  134.85  269.70
95.70  82.65  95.70
95.70  82.65  95.70
95.70  82.65  95.70
95.70  21.75  134.85
95.70  21.75  134.85
95.70  21.75  134.85
104.40  -13.05  152.25
100.05  -13.05  152.25
100.05  -13.05  152.25
104.40  -4.35  147.90
108.75  -13.05  152.25
261.00  43.50  252.30
113.10  165.30  247.95
208.80  39.15  669.90
195.75  52.20  291.45
100.05  -21.75  404.55
160.95  -43.50  313.20
108.75  -21.75  361.05
113.10  -82.65  178.35
113.10  -82.65  178.35
113.10  -95.70  178.35
113.10  -104.40  178.35
113.10  -113.10  182.70
113.10  -126.15  187.05
113.10  -126.15  187.05
117.45  -139.20  187.05
117.45  -160.95  191.40
117.45  -169.65  187.05
117.45  -169.65  187.05
278.40  -104.40  269.70
143.55  -169.65  369.75
226.20  -117.45  682.95
208.80  -95.70  304.50
113.10  -178.35  413.25
174.00  -182.70  326.25
130.50  -169.65  369.75
117.45  -169.65  187.05
117.45  -169.65  187.05
117.45  -169.65  187.05
134.85  -261.00  178.35
130.50  -269.70  178.35
134.85  -282.75  174.00
134.85  -282.75  174.00
134.85  -287.10  174.00
130.50  -295.80  174.00
130.50  -304.50  169.65
130.50  -304.50  169.65
287.10  -230.55  247.95
147.90  -278.40  348.00
221.85  -221.85  661.20
213.15  -213.15  282.75
117.45  -313.20  387.15
174.00  -182.70  326.25
126.15  -308.85  343.65
130.50  -304.50  169.65
130.50  -304.50  169.65
126.15  -387.15  139.20
126.15  -395.85  139.20
126.15  -413.25  130.50
126.15  -413.25  130.50
126.15  -413.25  130.50
126.15  -443.70  108.75
126.15  -448.05  108.75
126.15  -452.40  108.75
126.15  -452.40  108.75
278.40  -356.70  200.10
143.55  -400.20  287.10
221.85  -348.00  604.65
213.15  -317.55  230.55
117.45  -421.95  326.25
174.00  -182.70  326.25
121.80  -404.55  287.10
126.15  -452.40  108.75
126.15  -452.40  108.75
126.15  -452.40  108.75
126.15  -482.85  78.30
126.15  -487.20  73.95
126.15  -487.20  73.95
126.15  -487.20  73.95
130.50  -500.25  60.90
126.15  -508.95  56.55
126.15  -513.30  47.85
126.15  -513.30  47.85
278.40  -417.60  147.90
139.20  -461.10  230.55
221.85  -417.60  539.40
208.80  -382.80  174.00
113.10  -491.55  261.00
169.65  -487.20  174.00
117.45  -474.15  221.85
121.80  -539.40  21.75
121.80  -539.40  21.75
121.80  -548.10  4.35
121.80  -552.45  0.00
121.80  -552.45  0.00
121.80  -552.45  0.00
121.80  -561.15  -21.75
121.80  -565.50  -26.10
121.80  -565.50  -26.10
121.80  -565.50  -26.10
121.80  -565.50  -26.10
265.35  -469.80  100.05
134.85  -513.30  169.65
213.15  -456.75  474.15
204.45  -430.65  113.10
104.40  -539.40  191.40
156.60  -535.05  104.40
113.10  -522.00  152.25
117.45  -582.90  -56.55
117.45  -582.90  -65.25
117.45  -587.25  -69.60
117.45  -587.25  -69.60
117.45  -587.25  -69.60
117.45  -587.25  -82.65
117.45  -591.60  -91.35
117.45  -595.95  -95.70
117.45  -595.95  -95.70
117.45  -595.95  -100.05
117.45  -600.30  -104.40
256.65  -504.60  34.80
126.15  -561.15  87.00
204.45  -504.60  387.15
191.40  -469.80  21.75
100.05  -574.20  95.70
147.90  -565.50  0.00
104.40  -552.45  47.85
117.45  -609.00  -169.65
117.45  -604.65  -174.00
113.10  -609.00  -182.70
117.45  -609.00  -195.75
117.45  -609.00  -195.75
117.45  -604.65  -213.15
117.45  -604.65  -221.85
121.80  -600.30  -230.55
126.15  -600.30  -239.25
126.15  -600.30  -239.25
126.15  -595.95  -252.30
252.30  -508.95  -91.35
130.50  -569.85  -60.90
217.50  -495.90  234.90
204.45  -456.75  -113.10
113.10  -552.45  -52.20
169.65  -539.40  -139.20
126.15  -530.70  -100.05
143.55  -574.20  -304.50
143.55  -574.20  -304.50
147.90  -561.15  -317.55
147.90  -556.80  -326.25
147.90  -556.80  -334.95
152.25  -552.45  -339.30
152.25  -552.45  -339.30
152.25  -552.45  -339.30
156.60  -548.10  -343.65
156.60  -543.75  -343.65
156.60  -539.40  -348.00
274.05  -465.45  -165.30
152.25  -530.70  -143.55
243.60  -452.40  169.65
226.20  -417.60  -169.65
143.55  -508.95  -108.75
208.80  -491.55  -182.70
160.95  -487.20  -130.50
187.05  -522.00  -330.60
191.40  -517.65  -326.25
204.45  -513.30  -317.55
204.45  -513.30  -317.55
204.45  -513.30  -317.55
213.15  -508.95  -300.15
217.50  -504.60  -291.45
226.20  -504.60  -278.40
230.55  -500.25  -265.35
230.55  -500.25  -265.35
230.55  -500.25  -265.35
365.40  -417.60  -87.00
247.95  -474.15  -30.45
330.60  -400.20  278.40
317.55  -361.05  -65.25
230.55  -452.40  26.10
295.80  -439.35  -47.85
243.60  -417.60  8.70
261.00  -469.80  -182.70
261.00  -469.80  -182.70
261.00  -461.10  -160.95
265.35  -461.10  -152.25
265.35  -461.10  -143.55
265.35  -461.10  -143.55
265.35  -461.10  -143.55
261.00  -456.75  -126.15
265.35  -452.40  -121.80
265.35  -448.05  -117.45
265.35  -448.05  -108.75
400.20  -369.75  21.75
265.35  -421.95  95.70
348.00  -356.70  408.90
334.95  -321.90  47.85
243.60  -408.90  143.55
304.50  -408.90  56.55
247.95  -395.85  108.75
261.00  -435.00  -73.95
261.00  -435.00  -73.95
261.00  -435.00  -65.25
256.65  -435.00  -60.90
252.30  -430.65  -52.20
252.30  -430.65  -52.20
252.30  -430.65  -52.20
247.95  -435.00  -39.15
239.25  -435.00  -26.10
234.90  -435.00  -21.75
234.90  -435.00  -21.75
378.45  -361.05  108.75
230.55  -413.25  200.10
313.20  -348.00  508.95
295.80  -313.20  147.90
195.75  -400.20  256.65
252.30  -400.20  165.30
204.45  -378.45  230.55
191.40  -426.30  43.50
191.40  -426.30  43.50
182.70  -435.00  52.20
174.00  -430.65  60.90
165.30  -435.00  69.60
165.30  -435.00  69.60
165.30  -435.00  69.60
147.90  -435.00  82.65
143.55  -435.00  87.00
143.55  -435.00  87.00
143.55  -435.00  87.00
287.10  -369.75  213.15
134.85  -400.20  308.85
217.50  -348.00  622.05
208.80  -321.90  247.95
100.05  -404.55  348.00
160.95  -404.55  261.00
113.10  -382.80  313.20
113.10  -430.65  113.10
108.75  -435.00  117.45
108.75  -430.65  117.45
108.75  -430.65  117.45
108.75  -430.65  117.45
108.75  -430.65  117.45
113.10  -435.00  113.10
121.80  -430.65  108.75
130.50  -430.65  100.05
130.50  -430.65  100.05
130.50  -430.65  100.05
308.85  -352.35  200.10
160.95  -391.50  287.10
261.00  -334.95  587.25
269.70  -295.80  208.80
169.65  -387.15  295.80
243.60  -382.80  200.10
200.10  -361.05  239.25
208.80  -408.90  39.15
208.80  -408.90  39.15
226.20  -408.90  17.40
230.55  -408.90  13.05
230.55  -408.90  13.05
230.55  -408.90  13.05
247.95  -404.55  -8.70
252.30  -400.20  -17.40
252.30  -400.20  -17.40
261.00  -400.20  -30.45
265.35  -400.20  -43.50
417.60  -313.20  69.60
282.75  -374.10  139.20
369.75  -304.50  426.30
356.70  -269.70  56.55
278.40  -365.40  134.85
334.95  -352.35  30.45
282.75  -343.65  65.25
295.80  -391.50  -130.50
304.50  -391.50  -147.90
304.50  -395.85  -165.30
304.50  -395.85  -165.30
304.50  -395.85  -165.30
304.50  -395.85  -187.05
304.50  -391.50  -195.75
304.50  -395.85  -208.80
308.85  -395.85  -217.50
308.85  -395.85  -217.50
308.85  -395.85  -217.50
426.30  -308.85  -78.30
308.85  -369.75  -21.75
391.50  -300.15  282.75
365.40  -269.70  -69.60
287.10  -361.05  8.70
348.00  -352.35  -73.95
282.75  -343.65  -21.75
304.50  -387.15  -208.80
304.50  -387.15  -208.80
308.85  -387.15  -195.75
313.20  -382.80  -195.75
313.20  -378.45  -195.75
313.20  -378.45  -195.75
313.20  -378.45  -195.75
313.20  -374.10  -182.70
317.55  -365.40  -174.00
317.55  -361.05  -156.60
317.55  -352.35  -147.90
448.05  -252.30  -13.05
326.25  -304.50  47.85
404.55  -239.25  365.40
382.80  -217.50  4.35
304.50  -300.15  95.70
361.05  -295.80  17.40
304.50  -274.05  60.90
321.90  -317.55  -121.80
321.90  -317.55  -121.80
321.90  -317.55  -121.80
326.25  -300.15  -113.10
330.60  -291.45  -108.75
326.25  -282.75  -104.40
326.25  -282.75  -104.40
326.25  -282.75  -104.40
330.60  -274.05  -100.05
330.60  -269.70  -95.70
330.60  -269.70  -95.70
461.10  -169.65  26.10
334.95  -217.50  87.00
417.60  -160.95  408.90
391.50  -139.20  39.15
317.55  -208.80  134.85
374.10  -217.50  47.85
313.20  -200.10  95.70
330.60  -243.60  -87.00
330.60  -243.60  -87.00
330.60  -243.60  -87.00
330.60  -221.85  -82.65
334.95  -217.50  -87.00
339.30  -204.45  -91.35
339.30  -204.45  -91.35
334.95  -195.75  -95.70
339.30  -187.05  -100.05
339.30  -174.00  -100.05
339.30  -169.65  -104.40
465.45  -73.95  8.70
339.30  -117.45  60.90
421.95  -65.25  382.80
395.85  -47.85  26.10
321.90  -113.10  108.75
382.80  -126.15  26.10
321.90  -117.45  60.90
339.30  -156.60  -113.10
339.30  -156.60  -113.10
339.30  -156.60  -113.10
339.30  -147.90  -117.45
339.30  -147.90  -117.45
339.30  -143.55  -117.45
339.30  -143.55  -117.45
339.30  -143.55  -117.45
339.30  -139.20  -117.45
339.30  -139.20  -117.45
339.30  -139.20  -113.10
465.45  -56.55  4.35
334.95  -104.40  56.55
421.95  -47.85  382.80
395.85  -30.45  26.10
313.20  -95.70  117.45
378.45  -108.75  34.80
317.55  -100.05  82.65
334.95  -139.20  -95.70
334.95  -139.20  -95.70
334.95  -139.20  -91.35
326.25  -139.20  -87.00
330.60  -134.85  -82.65
330.60  -134.85  -78.30
330.60  -134.85  -78.30
326.25  -134.85  -78.30
326.25  -126.15  -73.95
326.25  -130.50  -73.95
326.25  -130.50  -73.95
456.75  -56.55  39.15
330.60  -104.40  100.05
413.25  -47.85  421.95
382.80  -26.10  56.55
308.85  -91.35  147.90
369.75  -100.05  56.55
304.50  -82.65  95.70
326.25  -130.50  -73.95
330.60  -117.45  -91.35
334.95  -117.45  -95.70
330.60  -121.80  -104.40
334.95  -117.45  -113.10
334.95  -117.45  -113.10
334.95  -117.45  -113.10
334.95  -113.10  -117.45
334.95  -117.45  -126.15
339.30  -121.80  -126.15
339.30  -121.80  -126.15
465.45  -52.20  0.00
339.30  -104.40  52.20
413.25  -47.85  421.95
391.50  -26.10  17.40
321.90  -87.00  100.05
382.80  -95.70  8.70
313.20  -91.35  52.20
339.30  -121.80  -126.15
339.30  -117.45  -139.20
343.65  -121.80  -143.55
343.65  -117.45  -152.25
343.65  -117.45  -152.25
343.65  -117.45  -152.25
343.65  -121.80  -165.30
348.00  -121.80  -178.35
343.65  -121.80  -191.40
348.00  -121.80  -200.10
348.00  -121.80  -200.10
461.10  -47.85  -69.60
339.30  -95.70  -56.55
421.95  -39.15  269.70
395.85  -17.40  -91.35
317.55  -78.30  -17.40
382.80  -91.35  -108.75
317.55  -82.65  -69.60
348.00  -104.40  -269.70
339.30  -104.40  -269.70
339.30  -108.75  -278.40
339.30  -100.05  -278.40
330.60  -100.05  -278.40
330.60  -100.05  -278.40
330.60  -100.05  -278.40
334.95  -100.05  -282.75
334.95  -100.05  -291.45
334.95  -100.05  -291.45
334.95  -100.05  -291.45
443.70  -30.45  -143.55
326.25  -82.65  -126.15
408.90  -21.75  204.45
387.15  -8.70  -139.20
304.50  -65.25  -69.60
369.75  -73.95  -152.25
308.85  -69.60  -108.75
321.90  -82.65  -295.80
321.90  -82.65  -295.80
321.90  -82.65  -295.80
321.90  -78.30  -295.80
317.55  -69.60  -304.50
317.55  -69.60  -313.20
317.55  -69.60  -313.20
308.85  -65.25  -321.90
308.85  -60.90  -321.90
308.85  -60.90  -326.25
304.50  -60.90  -334.95
417.60  8.70  -178.35
300.15  -47.85  -169.65
387.15  21.75  160.95
361.05  26.10  -182.70
278.40  -26.10  -113.10
343.65  -43.50  -195.75
287.10  -52.20  -169.65
300.15  -65.25  -352.35
300.15  -65.25  -352.35
295.80  -65.25  -361.05
295.80  -65.25  -369.75
291.45  -65.25  -378.45
291.45  -65.25  -378.45
291.45  -65.25  -378.45
282.75  -52.20  -391.50
274.05  -65.25  -417.60
256.65  -78.30  -435.00
256.65  -78.30  -435.00
356.70  -17.40  -265.35
234.90  -78.30  -287.10
308.85  -4.35  21.75
274.05  -8.70  -317.55
178.35  -47.85  -265.35
226.20  -56.55  -356.70
160.95  -56.55  -343.65
256.65  -78.30  -435.00
256.65  -78.30  -435.00
139.20  -65.25  -543.75
126.15  -69.60  -552.45
108.75  -73.95  -565.50
108.75  -73.95  -565.50
108.75  -73.95  -565.50
82.65  -78.30  -578.55
69.60  -78.30  -582.90
52.20  -78.30  -591.60
52.20  -78.30  -591.60
139.20  -17.40  -374.10
26.10  -78.30  -426.30
121.80  -8.70  -95.70
91.35  -13.05  -417.60
0.00  -56.55  -369.75
60.90  -73.95  -443.70
8.70  -78.30  -426.30
13.05  -100.05  -609.00
-4.35  -100.05  -613.35
-8.70  -91.35  -613.35
-8.70  -95.70  -617.70
-17.40  -95.70  -617.70
-21.75  -104.40  -622.05
-30.45  -117.45  -626.40
-47.85  -121.80  -626.40
-47.85  -121.80  -626.40
-47.85  -121.80  -626.40
-69.60  -121.80  -626.40
21.75  -60.90  -395.85
-95.70  -130.50  -456.75
0.00  -52.20  -121.80
-21.75  -65.25  -439.35
-126.15  -113.10  -395.85
-78.30  -143.55  -465.45
-100.05  -143.55  -448.05
-113.10  -178.35  -635.10
-117.45  -195.75  -635.10
-121.80  -208.80  -635.10
-126.15  -217.50  -630.75
-130.50  -221.85  -635.10
-134.85  -230.55  -630.75
-134.85  -239.25  -635.10
-134.85  -239.25  -635.10
-139.20  -256.65  -630.75
-139.20  -269.70  -626.40
-139.20  -287.10  -626.40
-52.20  -230.55  -378.45
-156.60  -308.85  -430.65
-65.25  -230.55  -100.05
-73.95  -243.60  -413.25
-182.70  -295.80  -365.40
-126.15  -313.20  -439.35
-139.20  -330.60  -413.25
-147.90  -378.45  -595.95
-147.90  -378.45  -595.95
-143.55  -395.85  -587.25
-134.85  -400.20  -587.25
-126.15  -400.20  -587.25
-113.10  -400.20  -587.25
-100.05  -404.55  -587.25
-100.05  -404.55  -587.25
-100.05  -404.55  -587.25
-60.90  -408.90  -582.90
-47.85  -404.55  -578.55
65.25  -326.25  -348.00
-39.15  -391.50  -387.15
87.00  -291.45  -69.60
82.65  -274.05  -391.50
-4.35  -339.30  -339.30
65.25  -334.95  -413.25
60.90  -330.60  -378.45
69.60  -352.35  -565.50
95.70  -343.65  -561.15
113.10  -334.95  -552.45
113.10  -334.95  -552.45
113.10  -334.95  -552.45
139.20  -317.55  -539.40
156.60  -308.85  -539.40
165.30  -300.15  -535.05
160.95  -295.80  -530.70
160.95  -295.80  -530.70
160.95  -295.80  -530.70
256.65  -213.15  -334.95
126.15  -282.75  -374.10
217.50  -195.75  -47.85
178.35  -187.05  -382.80
60.90  -261.00  -339.30
108.75  -265.35  -421.95
69.60  -274.05  -391.50
30.45  -308.85  -595.95
30.45  -308.85  -595.95
30.45  -308.85  -595.95
-13.05  -304.50  -609.00
-39.15  -300.15  -613.35
-56.55  -300.15  -617.70
-56.55  -300.15  -617.70
-56.55  -300.15  -617.70
-91.35  -300.15  -617.70
-104.40  -300.15  -617.70
-121.80  -300.15  -622.05
-26.10  -230.55  -378.45
-156.60  -287.10  -435.00
-69.60  -200.10  -108.75
-104.40  -195.75  -426.30
-208.80  -256.65  -374.10
-174.00  -265.35  -448.05
-200.10  -274.05  -426.30
-213.15  -308.85  -609.00
-226.20  -313.20  -604.65
-230.55  -313.20  -600.30
-234.90  -313.20  -604.65
-243.60  -317.55  -600.30
-243.60  -317.55  -600.30
-243.60  -317.55  -600.30
-243.60  -317.55  -600.30
-265.35  -330.60  -591.60
-269.70  -334.95  -587.25
-282.75  -334.95  -582.90
-182.70  -256.65  -343.65
-295.80  -326.25  -382.80
-204.45  -239.25  -60.90
-221.85  -234.90  -382.80
-334.95  -313.20  -321.90
-291.45  -308.85  -400.20
-317.55  -317.55  -374.10
-317.55  -356.70  -561.15
-330.60  -369.75  -552.45
-334.95  -382.80  -539.40
-343.65  -387.15  -526.35
-348.00  -400.20  -522.00
-352.35  -404.55  -513.30
-356.70  -413.25  -513.30
-356.70  -413.25  -513.30
-352.35  -426.30  -504.60
-348.00  -430.65  -500.25
-343.65  -435.00  -500.25
-252.30  -361.05  -274.05
-348.00  -430.65  -295.80
-247.95  -348.00  26.10
-265.35  -356.70  -291.45
-365.40  -448.05  -213.15
-321.90  -448.05  -291.45
-343.65  -465.45  -256.65
-339.30  -517.65  -430.65
-339.30  -517.65  -430.65
-339.30  -517.65  -430.65
-330.60  -548.10  -391.50
-330.60  -556.80  -378.45
-334.95  -565.50  -356.70
-339.30  -574.20  -330.60
-339.30  -574.20  -330.60
-339.30  -574.20  -330.60
-343.65  -587.25  -300.15
-348.00  -591.60  -282.75
-256.65  -517.65  -65.25
-339.30  -561.15  -43.50
-261.00  -491.55  278.40
-269.70  -478.50  -65.25
-374.10  -561.15  26.10
-330.60  -556.80  -52.20
-356.70  -556.80  4.35
-348.00  -595.95  -195.75
-348.00  -595.95  -195.75
-352.35  -600.30  -165.30
-352.35  -595.95  -147.90
-352.35  -591.60  -130.50
-352.35  -587.25  -113.10
-352.35  -587.25  -113.10
-352.35  -587.25  -113.10
-356.70  -578.55  -69.60
-352.35  -569.85  -43.50
-348.00  -561.15  -21.75
-243.60  -482.85  134.85
-330.60  -495.90  230.55
-256.65  -421.95  543.75
-261.00  -417.60  187.05
-352.35  -478.50  304.50
-313.20  -474.15  226.20
-339.30  -443.70  291.45
-330.60  -487.20  91.35
-321.90  -465.45  113.10
-321.90  -448.05  134.85
-308.85  -421.95  147.90
-308.85  -421.95  147.90
-308.85  -421.95  147.90
-300.15  -387.15  174.00
-291.45  -369.75  182.70
-291.45  -352.35  191.40
-287.10  -343.65  195.75
-287.10  -343.65  195.75
-182.70  -247.95  330.60
-261.00  -252.30  417.60
-191.40  -191.40  726.45
-208.80  -191.40  361.05
-287.10  -230.55  456.75
-256.65  -234.90  378.45
-282.75  -200.10  421.95
-265.35  -252.30  221.85
-261.00  -243.60  226.20
-261.00  -243.60  226.20
-261.00  -243.60  230.55
-252.30  -226.20  230.55
-247.95  -213.15  230.55
-252.30  -213.15  230.55
-252.30  -213.15  230.55
-252.30  -217.50  230.55
-247.95  -204.45  230.55
-239.25  -195.75  234.90
-143.55  -117.45  361.05
-213.15  -139.20  435.00
-143.55  -82.65  756.90
-160.95  -91.35  382.80
-226.20  -126.15  478.50
-195.75  -139.20  400.20
-239.25  -121.80  439.35
-221.85  -174.00  234.90
-221.85  -182.70  239.25
-221.85  -182.70  239.25
-221.85  -182.70  239.25
-213.15  -174.00  239.25
-213.15  -174.00  239.25
-213.15  -174.00  239.25
-178.35  -139.20  243.60
-160.95  -121.80  239.25
-152.25  -117.45  239.25
-152.25  -117.45  239.25
-30.45  -43.50  369.75
-130.50  -73.95  439.35
-60.90  -34.80  765.60
-160.95  -91.35  382.80
-152.25  -117.45  482.85
-108.75  -152.25  408.90
-147.90  -126.15  461.10
-152.25  -117.45  239.25
-82.65  -152.25  243.60
-82.65  -152.25  243.60
-65.25  -139.20  239.25
-47.85  -139.20  234.90
-43.50  -147.90  234.90
-43.50  -147.90  234.90
-39.15  -165.30  234.90
-39.15  -178.35  239.25
-30.45  -178.35  234.90
-13.05  -174.00  230.55
126.15  -91.35  352.35
17.40  -100.05  421.95
104.40  -47.85  748.20
113.10  -34.80  365.40
26.10  -95.70  452.40
78.30  -117.45  369.75
-147.90  -126.15  461.10
43.50  -165.30  213.15
43.50  -165.30  213.15
52.20  -169.65  208.80
60.90  -165.30  204.45
65.25  -165.30  200.10
65.25  -165.30  200.10
73.95  -165.30  195.75
78.30  -169.65  195.75
87.00  -174.00  191.40
87.00  -174.00  191.40
95.70  -174.00  187.05
252.30  -95.70  295.80
117.45  -126.15  378.45
195.75  -108.75  704.70
187.05  -117.45  326.25
95.70  -191.40  417.60
156.60  -217.50  330.60
113.10  -208.80  382.80
139.20  -274.05  160.95
139.20  -282.75  152.25
143.55  -287.10  152.25