-59.00 -162.00 -150.00

 -97.00 -172.00 -156.00

 -57.00 -160.00 24.00

 -57.00 -184.00 38.00

 -101.00 -162.00 -137.00

 -83.00 -166.00 -165.00

 -89.00 -173.00 -153.00

 -87.00 -178.00 -229.00

 -57.00 -164.00 -149.00

 -98.00 -172.00 -156.00

 -58.00 -160.00 24.00

 -57.00 -185.00 39.00

 -101.00 -163.00 -136.00

 -83.00 -166.00 -164.00

 -88.00 -174.00 -152.00

 -87.00 -178.00 -229.00

 -57.00 -171.00 -147.00

 -99.00 -179.00 -152.00

 -58.00 -160.00 24.00

 -56.00 -192.00 43.00

 -101.00 -170.00 -132.00

 -83.00 -173.00 -161.00

 -88.00 -174.00 -152.00

 -87.00 -186.00 -225.00

 -57.00 -171.00 -147.00

 -98.00 -185.00 -148.00

 -56.00 -173.00 23.00

 -56.00 -198.00 46.00

 -99.00 -176.00 -128.00

 -83.00 -173.00 -161.00

 -88.00 -174.00 -152.00

 -87.00 -186.00 -225.00

 -57.00 -188.00 -134.00

 -98.00 -193.00 -140.00

 -56.00 -183.00 24.00

 -53.00 -210.00 55.00

 -98.00 -186.00 -122.00

 -80.00 -188.00 -148.00

 -88.00 -174.00 -152.00

 -81.00 -202.00 -214.00

 39.00 -170.00 -134.00

 -9.00 -194.00 -147.00

 40.00 -174.00 25.00

 38.00 -194.00 59.00

 -11.00 -183.00 -127.00

 10.00 -181.00 -154.00

 -2.00 -184.00 -138.00

 5.00 -195.00 -216.00

 92.00 -161.00 -119.00

 42.00 -186.00 -131.00

 91.00 -167.00 23.00

 84.00 -189.00 77.00

 39.00 -176.00 -107.00

 61.00 -173.00 -136.00

 43.00 -177.00 -119.00

 52.00 -189.00 -196.00

 137.00 -157.00 -86.00

 42.00 -186.00 -131.00

 137.00 -163.00 22.00

 128.00 -188.00 122.00

 83.00 -177.00 -65.00

 105.00 -172.00 -93.00

 84.00 -172.00 -74.00

 93.00 -189.00 -151.00

 162.00 -156.00 -37.00

 113.00 -181.00 -28.00

 162.00 -163.00 23.00

 150.00 -191.00 181.00

 104.00 -179.00 -6.00

 126.00 -174.00 -37.00

 103.00 -170.00 -17.00

 93.00 -189.00 -151.00

 151.00 -163.00 27.00

 101.00 -183.00 57.00

 149.00 -168.00 23.00

 136.00 -199.00 257.00

 88.00 -185.00 74.00

 112.00 -178.00 38.00

 90.00 -172.00 60.00

 93.00 -192.00 -16.00

 109.00 -152.00 91.00

 57.00 -167.00 127.00

 101.00 -156.00 23.00

 89.00 -190.00 328.00

 43.00 -174.00 141.00

 62.00 -167.00 109.00

 45.00 -159.00 131.00

 44.00 -181.00 48.00

 35.00 -121.00 136.00

 -17.00 -127.00 176.00

 28.00 -120.00 22.00

 19.00 -156.00 378.00

 -28.00 -138.00 189.00

 -11.00 -135.00 155.00

 -23.00 -128.00 176.00

 -29.00 -153.00 84.00

 69.00 -180.00 95.00

 19.00 -193.00 130.00

 65.00 -185.00 22.00

 19.00 -156.00 378.00

 11.00 -202.00 137.00

 32.00 -196.00 104.00

 21.00 -190.00 125.00

 20.00 -211.00 37.00

 103.00 -200.00 52.00

 53.00 -216.00 80.00

 101.00 -205.00 23.00

 93.00 -235.00 275.00

 43.00 -221.00 86.00

 67.00 -214.00 53.00

 50.00 -207.00 76.00

 53.00 -227.00 -9.00

 136.00 -194.00 -7.00

 84.00 -217.00 10.00

 133.00 -201.00 24.00

 123.00 -228.00 208.00

 75.00 -215.00 20.00

 99.00 -208.00 -14.00

 79.00 -202.00 5.00

 84.00 -222.00 -75.00

 150.00 -151.00 -74.00

 102.00 -179.00 -72.00

 151.00 -156.00 23.00

 140.00 -179.00 130.00

 93.00 -168.00 -58.00

 116.00 -163.00 -89.00

 95.00 -161.00 -70.00

 102.00 -178.00 -149.00

 138.00 -100.00 -116.00

 90.00 -129.00 -128.00

 138.00 -106.00 23.00

 128.00 -131.00 83.00

 80.00 -119.00 -108.00

 103.00 -119.00 -134.00

 82.00 -119.00 -120.00

 89.00 -133.00 -197.00

 98.00 -56.00 -147.00

 50.00 -84.00 -169.00

 96.00 -61.00 24.00

 128.00 -131.00 83.00

 41.00 -74.00 -145.00

 59.00 -77.00 -173.00

 40.00 -80.00 -161.00

 47.00 -93.00 -236.00

 39.00 -3.00 -160.00

 50.00 -84.00 -169.00

 35.00 -3.00 22.00

 28.00 -25.00 25.00

 41.00 -74.00 -145.00

 1.00 -19.00 -186.00

 -13.00 -24.00 -178.00

 -9.00 -36.00 -251.00

 -5.00 35.00 -154.00

 -52.00 14.00 -179.00

 -7.00 34.00 22.00

 -11.00 12.00 32.00

 -57.00 26.00 -152.00

 -37.00 17.00 -179.00

 -49.00 12.00 -172.00

 -45.00 -1.00 -246.00

 -16.00 63.00 -143.00

 -62.00 42.00 -166.00

 -7.00 34.00 22.00

 -22.00 40.00 45.00

 -67.00 51.00 -140.00

 -49.00 40.00 -166.00

 -61.00 36.00 -161.00

 -57.00 24.00 -233.00

 -21.00 74.00 -137.00

 -64.00 61.00 -148.00

 -25.00 73.00 23.00

 -27.00 50.00 50.00

 -71.00 61.00 -134.00

 -52.00 50.00 -162.00

 -65.00 46.00 -159.00

 -62.00 33.00 -230.00

 -10.00 87.00 -129.00

 -50.00 67.00 -142.00

 -18.00 90.00 22.00

 -18.00 68.00 63.00

 -60.00 78.00 -121.00

 -40.00 70.00 -149.00

 -55.00 67.00 -145.00

 -50.00 53.00 -216.00

 -9.00 122.00 -98.00

 -51.00 99.00 -111.00

 -15.00 127.00 23.00

 -17.00 101.00 99.00

 -64.00 116.00 -79.00

 -43.00 103.00 -112.00

 -60.00 106.00 -106.00

 -60.00 91.00 -175.00

 -45.00 152.00 -35.00

 -89.00 133.00 -38.00

 -52.00 155.00 24.00

 -59.00 129.00 178.00

 -101.00 140.00 -9.00

 -86.00 129.00 -39.00

 -101.00 134.00 -33.00

 -98.00 115.00 -109.00

 -81.00 133.00 51.00

 -124.00 116.00 64.00

 -52.00 155.00 24.00

 -95.00 104.00 280.00

 -134.00 116.00 90.00

 -117.00 106.00 57.00

 -131.00 111.00 71.00

 -98.00 115.00 -109.00

 -99.00 87.00 97.00

 -141.00 73.00 116.00

 -107.00 82.00 22.00

 -112.00 53.00 332.00

 -152.00 64.00 141.00

 -135.00 57.00 109.00

 -147.00 60.00 124.00

 -150.00 43.00 41.00

 -65.00 16.00 143.00

 -107.00 5.00 172.00

 -71.00 14.00 23.00

 -73.00 -25.00 386.00

 -116.00 -4.00 190.00

 -90.00 -14.00 162.00

 -99.00 -7.00 180.00

 -108.00 -23.00 94.00

 4.00 -8.00 151.00

 -46.00 -16.00 186.00

 -2.00 -8.00 24.00

 -7.00 -44.00 395.00

 -116.00 -4.00 190.00

 -32.00 -26.00 169.00

 -28.00 -17.00 194.00

 -47.00 -35.00 104.00

 35.00 64.00 123.00

 -14.00 54.00 153.00

 28.00 64.00 23.00

 23.00 33.00 364.00

 -23.00 54.00 170.00

 -2.00 51.00 134.00

 -11.00 56.00 152.00

 -20.00 40.00 68.00

 40.00 130.00 62.00

 -8.00 115.00 81.00

 36.00 134.00 24.00

 26.00 105.00 292.00

 -18.00 117.00 103.00

 3.00 109.00 69.00

 -14.00 119.00 77.00

 -17.00 99.00 -2.00

 -10.00 157.00 -23.00

 -56.00 138.00 -31.00

 -17.00 159.00 24.00

 -21.00 134.00 185.00

 -66.00 144.00 -8.00

 -46.00 131.00 -43.00

 -61.00 136.00 -44.00

 -60.00 117.00 -113.00

 3.00 111.00 -110.00

 -40.00 86.00 -131.00

 2.00 108.00 21.00

 0.00 79.00 78.00

 -45.00 88.00 -110.00

 -24.00 79.00 -138.00

 -35.00 72.00 -137.00

 -34.00 58.00 -210.00

 55.00 26.00 -148.00

 8.00 2.00 -172.00

 58.00 23.00 24.00

 50.00 -1.00 39.00

 5.00 4.00 -146.00

 29.00 -1.00 -175.00

 14.00 -7.00 -166.00

 19.00 -21.00 -241.00

 126.00 -32.00 -130.00

 80.00 -56.00 -144.00

 128.00 -35.00 25.00

 50.00 -1.00 39.00

 75.00 -49.00 -118.00

 97.00 -52.00 -147.00

 80.00 -57.00 -130.00

 86.00 -72.00 -207.00

 166.00 -85.00 -85.00

 118.00 -110.00 -89.00

 168.00 -90.00 23.00

 157.00 -119.00 124.00

 112.00 -109.00 -63.00

 134.00 -107.00 -93.00

 111.00 -107.00 -77.00

 119.00 -128.00 -151.00

 179.00 -106.00 -49.00

 133.00 -131.00 -41.00

 181.00 -113.00 23.00

 167.00 -140.00 166.00

 122.00 -132.00 -17.00

 144.00 -129.00 -50.00

 119.00 -122.00 -33.00

 127.00 -146.00 -109.00

 178.00 -120.00 17.00

 129.00 -146.00 40.00

 178.00 -128.00 24.00

 162.00 -157.00 249.00

 115.00 -148.00 61.00

 137.00 -142.00 28.00

 113.00 -133.00 47.00

 127.00 -146.00 -109.00

 123.00 -127.00 96.00

 58.00 -142.00 140.00

 110.00 -132.00 23.00

 102.00 -165.00 338.00

 115.00 -148.00 61.00

 68.00 -146.00 121.00

 51.00 -134.00 139.00

 43.00 -157.00 60.00

 60.00 -124.00 135.00

 0.00 -137.00 167.00

 45.00 -130.00 23.00

 102.00 -165.00 338.00

 -17.00 -144.00 180.00

 7.00 -142.00 147.00

 -6.00 -132.00 168.00

 -13.00 -154.00 83.00

 -7.00 -161.00 142.00

 -54.00 -160.00 162.00

 -17.00 -157.00 22.00

 -19.00 -195.00 365.00

 -64.00 -167.00 173.00

 -45.00 -167.00 139.00

 -55.00 -157.00 161.00

 -56.00 -180.00 73.00

 1.00 -214.00 98.00

 -43.00 -208.00 126.00

 -5.00 -206.00 24.00

 -7.00 -238.00 320.00

 -53.00 -216.00 135.00

 -36.00 -210.00 101.00

 -46.00 -204.00 122.00

 -46.00 -226.00 36.00

 48.00 -236.00 35.00

 1.00 -244.00 56.00

 41.00 -237.00 24.00

 41.00 -264.00 252.00

 -5.00 -248.00 67.00

 14.00 -241.00 35.00

 0.00 -234.00 59.00

 -46.00 -226.00 36.00

 129.00 -195.00 7.00

 76.00 -217.00 21.00

 127.00 -201.00 22.00

 116.00 -228.00 226.00

 72.00 -212.00 35.00

 94.00 -206.00 5.00

 0.00 -234.00 59.00

 79.00 -222.00 -52.00

 173.00 -138.00 -19.00

 121.00 -167.00 -7.00

 173.00 -143.00 22.00

 160.00 -171.00 198.00

 113.00 -161.00 7.00

 136.00 -156.00 -24.00

 112.00 -149.00 -4.00

 121.00 -170.00 -84.00

 172.00 -108.00 -69.00

 123.00 -130.00 -71.00

 170.00 -111.00 23.00

 158.00 -137.00 134.00

 109.00 -126.00 -58.00

 131.00 -125.00 -93.00

 109.00 -123.00 -75.00

 115.00 -141.00 -154.00

 133.00 -84.00 -121.00

 81.00 -105.00 -135.00

 126.00 -89.00 23.00

 118.00 -113.00 70.00

 69.00 -104.00 -119.00

 92.00 -105.00 -146.00

 69.00 -108.00 -133.00

 77.00 -124.00 -207.00

 133.00 -84.00 -121.00

 46.00 -155.00 -149.00

 93.00 -133.00 24.00

 82.00 -161.00 60.00

 37.00 -148.00 -128.00

 92.00 -105.00 -146.00

 38.00 -153.00 -138.00

 42.00 -171.00 -214.00

 46.00 -190.00 -118.00

 -6.00 -216.00 -129.00

 40.00 -197.00 23.00

 35.00 -217.00 74.00

 -15.00 -206.00 -110.00

 5.00 -202.00 -138.00

 -9.00 -204.00 -119.00

 -4.00 -219.00 -198.00

 27.00 -187.00 -127.00

 -29.00 -211.00 -142.00

 20.00 -189.00 23.00

 18.00 -205.00 60.00

 -34.00 -193.00 -124.00

 -12.00 -188.00 -152.00

 -23.00 -189.00 -137.00

 -22.00 -203.00 -216.00

 22.00 -146.00 -152.00

 -33.00 -171.00 -170.00

 15.00 -150.00 23.00

 13.00 -167.00 36.00

 -38.00 -155.00 -146.00

 -16.00 -153.00 -172.00

 -28.00 -155.00 -160.00

 -27.00 -169.00 -237.00

 21.00 -144.00 -152.00

 -34.00 -171.00 -171.00

 15.00 -149.00 24.00

 13.00 -166.00 36.00

 -38.00 -156.00 -147.00

 -16.00 -154.00 -173.00

 -28.00 -155.00 -160.00

 -27.00 -168.00 -237.00

 22.00 -144.00 -151.00

 -33.00 -170.00 -170.00

 15.00 -149.00 23.00

 12.00 -166.00 36.00

 -38.00 -156.00 -148.00

 -17.00 -153.00 -173.00

 -28.00 -155.00 -160.00

 -27.00 -169.00 -236.00

 21.00 -144.00 -152.00

 -33.00 -171.00 -170.00

 15.00 -149.00 24.00

 12.00 -166.00 36.00

 -39.00 -155.00 -147.00

 -17.00 -154.00 -173.00

 -28.00 -156.00 -159.00

 -27.00 -169.00 -236.00

 21.00 -144.00 -151.00

 -33.00 -171.00 -169.00

 15.00 -148.00 23.00

 14.00 -165.00 36.00

 -39.00 -156.00 -147.00

 -16.00 -154.00 -173.00

 -28.00 -156.00 -159.00

 -26.00 -168.00 -237.00

 21.00 -144.00 -151.00

 -33.00 -171.00 -171.00

 15.00 -148.00 23.00

 13.00 -166.00 36.00

 -38.00 -155.00 -146.00

 -15.00 -154.00 -173.00

 -28.00 -154.00 -159.00

 -26.00 -169.00 -236.00

 21.00 -144.00 -151.00

 -33.00 -171.00 -170.00

 15.00 -148.00 24.00

 13.00 -166.00 36.00

 -38.00 -155.00 -147.00

 -16.00 -154.00 -173.00

 -28.00 -155.00 -160.00

 -26.00 -168.00 -236.00

 21.00 -144.00 -151.00

 -32.00 -171.00 -170.00

 15.00 -148.00 18.00

 13.00 -166.00 36.00

 -38.00 -157.00 -147.00

 -17.00 -154.00 -173.00

 -28.00 -155.00 -160.00

 -26.00 -168.00 -236.00

 21.00 -144.00 -151.00

 -33.00 -171.00 -169.00

 15.00 -148.00 24.00

 13.00 -166.00 37.00

 -39.00 -155.00 -146.00

 -17.00 -153.00 -173.00

 -28.00 -155.00 -160.00

 -27.00 -169.00 -237.00

 22.00 -144.00 -152.00

 -34.00 -171.00 -170.00

 15.00 -149.00 22.00

 13.00 -166.00 37.00

 -39.00 -156.00 -147.00

 -16.00 -154.00 -172.00

 -28.00 -154.00 -159.00

 -26.00 -168.00 -237.00

 21.00 -144.00 -150.00

 -34.00 -171.00 -170.00

 14.00 -148.00 23.00

 13.00 -167.00 36.00

 -38.00 -155.00 -147.00

 -17.00 -153.00 -173.00

 -28.00 -156.00 -159.00

 -26.00 -168.00 -237.00

 21.00 -145.00 -151.00

 -33.00 -171.00 -170.00

 16.00 -148.00 24.00

 13.00 -166.00 37.00

 -38.00 -155.00 -147.00

 -17.00 -153.00 -173.00

 -27.00 -155.00 -159.00

 -27.00 -168.00 -237.00

 21.00 -144.00 -151.00

 -33.00 -170.00 -170.00

 16.00 -148.00 23.00

 13.00 -166.00 36.00

 -39.00 -156.00 -147.00

 -18.00 -153.00 -173.00

 -28.00 -154.00 -159.00

 -27.00 -169.00 -237.00

 }