-83.00 19.00 -130.00
 -124.00 -5.00 -155.00
 -85.00 18.00 25.00
 -90.00 -2.00 56.00
 -132.00 7.00 -129.00
 -114.00 0.00 -154.00
 -124.00 -3.00 -148.00
 -123.00 -16.00 -224.00
 -84.00 20.00 -129.00
 -124.00 -6.00 -154.00
 -86.00 18.00 25.00
 -89.00 -2.00 57.00
 -132.00 7.00 -129.00
 -114.00 0.00 -154.00
 -123.00 -3.00 -147.00
 -122.00 -17.00 -225.00
 -83.00 21.00 -129.00
 -124.00 -4.00 -154.00
 -86.00 18.00 25.00
 -90.00 -3.00 56.00
 -133.00 6.00 -129.00
 -115.00 0.00 -154.00
 -124.00 -3.00 -149.00
 -124.00 -17.00 -224.00
 -82.00 20.00 -129.00
 -125.00 -4.00 -153.00
 -86.00 18.00 24.00
 -90.00 -3.00 56.00
 -132.00 7.00 -130.00
 -114.00 0.00 -155.00
 -124.00 -3.00 -149.00
 -123.00 -17.00 -224.00
 -83.00 20.00 -129.00
 -124.00 -5.00 -153.00
 -86.00 17.00 24.00
 -89.00 -2.00 57.00
 -132.00 6.00 -130.00
 -115.00 1.00 -154.00
 -125.00 -3.00 -149.00
 -123.00 -17.00 -225.00
 -82.00 20.00 -129.00
 -124.00 -6.00 -154.00
 -86.00 17.00 25.00
 -89.00 -2.00 56.00
 -132.00 5.00 -129.00
 -114.00 0.00 -155.00
 -124.00 -4.00 -149.00
 -123.00 -17.00 -224.00
 -83.00 21.00 -129.00
 -123.00 -5.00 -154.00
 -86.00 18.00 23.00
 -90.00 -3.00 56.00
 -132.00 6.00 -129.00
 -115.00 0.00 -155.00
 -124.00 -4.00 -148.00
 -123.00 -16.00 -224.00
 -82.00 20.00 -129.00
 -124.00 -5.00 -153.00
 -86.00 17.00 25.00
 -89.00 -2.00 57.00
 -132.00 6.00 -129.00
 -115.00 0.00 -155.00
 -124.00 -3.00 -148.00
 -124.00 -16.00 -224.00
 -83.00 20.00 -129.00
 -124.00 -5.00 -154.00
 -86.00 17.00 24.00
 -91.00 -3.00 57.00
 -132.00 7.00 -129.00
 -115.00 0.00 -154.00
 -124.00 -4.00 -148.00
 -124.00 -16.00 -225.00
 -82.00 19.00 -128.00
 -124.00 -5.00 -154.00
 -87.00 17.00 24.00
 -89.00 -3.00 56.00
 -132.00 6.00 -130.00
 -115.00 1.00 -154.00
 -124.00 -3.00 -148.00
 -124.00 -16.00 -225.00
 -84.00 20.00 -128.00
 -125.00 -5.00 -155.00
 -87.00 17.00 22.00
 -90.00 -2.00 57.00
 -132.00 6.00 -129.00
 -114.00 0.00 -154.00
 -124.00 -3.00 -148.00
 -122.00 -17.00 -224.00
 -82.00 20.00 -128.00
 -124.00 -5.00 -154.00
 -87.00 18.00 25.00
 -90.00 -2.00 56.00
 -133.00 6.00 -129.00
 -115.00 0.00 -154.00
 -123.00 -3.00 -148.00
 -123.00 -16.00 -224.00
 -83.00 19.00 -129.00
 -125.00 -4.00 -154.00
 -86.00 17.00 24.00
 -90.00 -2.00 56.00
 -133.00 7.00 -130.00
 -115.00 0.00 -153.00
 -124.00 -3.00 -149.00
 -123.00 -17.00 -225.00
 -84.00 19.00 -128.00
 -124.00 -5.00 -154.00
 -87.00 18.00 24.00
 -90.00 -2.00 56.00
 -132.00 6.00 -130.00
 -116.00 0.00 -155.00
 -124.00 -3.00 -149.00
 -123.00 -17.00 -225.00
 -82.00 20.00 -129.00
 -125.00 -5.00 -154.00
 -87.00 18.00 24.00
 -89.00 -1.00 56.00
 -132.00 7.00 -129.00
 -116.00 0.00 -154.00
 -124.00 -3.00 -148.00
 -123.00 -16.00 -225.00
 -84.00 20.00 -129.00
 -124.00 -4.00 -153.00
 -87.00 17.00 24.00
 -90.00 -2.00 57.00
 -134.00 7.00 -129.00
 -115.00 0.00 -154.00
 -124.00 -3.00 -148.00
 -123.00 -17.00 -224.00
 -83.00 20.00 -129.00
 -125.00 -4.00 -153.00
 -87.00 18.00 24.00
 -90.00 -2.00 57.00
 -132.00 7.00 -128.00
 -116.00 1.00 -154.00
 -125.00 -2.00 -149.00
 -123.00 -16.00 -224.00
 -84.00 20.00 -128.00
 -124.00 -5.00 -155.00
 -86.00 18.00 24.00
 -90.00 -2.00 57.00
 -133.00 6.00 -129.00
 -115.00 0.00 -154.00
 -123.00 -3.00 -148.00
 -123.00 -17.00 -226.00
 -83.00 20.00 -129.00
 -125.00 -5.00 -154.00
 -86.00 19.00 22.00
 -89.00 -2.00 57.00
 -133.00 6.00 -129.00
 -115.00 0.00 -154.00
 -124.00 -3.00 -148.00
 -123.00 -16.00 -225.00
 -83.00 20.00 -129.00
 -124.00 -4.00 -153.00
 -87.00 18.00 24.00
 -89.00 -2.00 57.00
 -132.00 7.00 -129.00
 -114.00 1.00 -154.00
 -124.00 -3.00 -147.00
 -123.00 -16.00 -224.00
 -83.00 20.00 -129.00
 -123.00 -5.00 -155.00
 -87.00 18.00 24.00
 -90.00 -2.00 57.00
 -134.00 6.00 -129.00
 -116.00 0.00 -154.00
 -123.00 -3.00 -148.00
 -123.00 -17.00 -224.00
 -83.00 21.00 -129.00
 -123.00 -5.00 -155.00
 -86.00 18.00 25.00
 -90.00 -2.00 57.00
 -133.00 6.00 -128.00
 -115.00 0.00 -154.00
 -124.00 -3.00 -148.00
 -123.00 -17.00 -225.00
 -84.00 20.00 -129.00
 -124.00 -4.00 -154.00
 -86.00 18.00 24.00
 -89.00 -2.00 57.00
 -133.00 6.00 -129.00
 -114.00 -1.00 -154.00
 -123.00 -3.00 -149.00
 -123.00 -16.00 -224.00
 -83.00 20.00 -129.00
 -124.00 -4.00 -154.00
 -87.00 17.00 24.00
 -90.00 -3.00 57.00
 -133.00 6.00 -128.00
 -114.00 0.00 -154.00
 -124.00 -3.00 -148.00
 -123.00 -16.00 -225.00
 -83.00 20.00 -129.00
 -124.00 -4.00 -154.00
 -87.00 17.00 24.00
 -89.00 -2.00 57.00
 -133.00 7.00 -130.00
 -114.00 0.00 -154.00
 -124.00 -3.00 -149.00
 -123.00 -16.00 -225.00
 -83.00 19.00 -129.00
 -125.00 -4.00 -154.00
 -86.00 18.00 24.00
 -90.00 -3.00 56.00
 -133.00 5.00 -130.00
 -115.00 0.00 -154.00
 -124.00 -4.00 -149.00
 -123.00 -16.00 -225.00
 -83.00 20.00 -130.00
 -125.00 -5.00 -155.00
 -86.00 18.00 24.00
 -90.00 -2.00 56.00
 -132.00 7.00 -129.00
 -115.00 0.00 -153.00
 -123.00 -3.00 -148.00
 -123.00 -17.00 -225.00
 -83.00 20.00 -128.00
 -124.00 -5.00 -154.00
 -86.00 17.00 24.00
 -90.00 -3.00 56.00
 -132.00 6.00 -129.00
 -114.00 -1.00 -154.00
 -125.00 -3.00 -149.00
 -123.00 -17.00 -226.00
 -83.00 20.00 -129.00
 -124.00 -5.00 -154.00
 -87.00 17.00 24.00
 -90.00 -2.00 57.00
 -132.00 7.00 -130.00
 -115.00 -1.00 -153.00
 -124.00 -3.00 -149.00
 -123.00 -17.00 -225.00
 -82.00 20.00 -130.00
 -124.00 -5.00 -154.00
 -86.00 18.00 24.00
 -89.00 -3.00 57.00
 -133.00 6.00 -130.00
 -114.00 -1.00 -155.00
 -124.00 -3.00 -148.00
 -123.00 -17.00 -225.00
 -84.00 20.00 -129.00
 -125.00 -5.00 -154.00
 -86.00 17.00 23.00
 -89.00 -2.00 57.00
 -132.00 6.00 -129.00
 -115.00 -1.00 -154.00
 -123.00 -3.00 -148.00
 -122.00 -17.00 -225.00
 -83.00 21.00 -129.00
 -124.00 -4.00 -154.00
 -87.00 17.00 24.00
 -90.00 -1.00 57.00
 -132.00 6.00 -130.00
 -115.00 0.00 -154.00
 -123.00 -3.00 -147.00
 -124.00 -17.00 -224.00
 -83.00 21.00 -129.00
 -124.00 -4.00 -154.00
 -87.00 18.00 24.00
 -90.00 -3.00 56.00
 -133.00 6.00 -129.00
 -114.00 -1.00 -155.00
 -123.00 -3.00 -148.00
 -122.00 -17.00 -225.00
 -83.00 20.00 -129.00
 -123.00 -5.00 -154.00
 -86.00 17.00 24.00
 -89.00 -3.00 57.00
 -133.00 6.00 -129.00
 -114.00 -1.00 -154.00
 -123.00 -3.00 -149.00
 -123.00 -17.00 -225.00
 -83.00 20.00 -129.00
 -124.00 -5.00 -154.00
 -86.00 17.00 24.00
 -90.00 -3.00 56.00
 -132.00 6.00 -129.00
 -115.00 0.00 -155.00
 -123.00 -3.00 -149.00
 -124.00 -17.00 -225.00
 -83.00 20.00 -129.00
 -125.00 -5.00 -154.00
 -86.00 18.00 25.00
 -90.00 -2.00 56.00
 -133.00 7.00 -130.00
 -115.00 0.00 -154.00
 -123.00 -4.00 -148.00
 -123.00 -17.00 -224.00
 -82.00 20.00 -129.00
 -125.00 -5.00 -154.00
 -87.00 17.00 25.00
 -89.00 -3.00 56.00
 -132.00 6.00 -130.00
 -114.00 0.00 -154.00
 -123.00 -2.00 -149.00
 -122.00 -17.00 -225.00
 -82.00 19.00 -129.00
 -124.00 -6.00 -154.00
 -85.00 16.00 24.00
 -89.00 -3.00 56.00
 -132.00 5.00 -130.00
 -114.00 0.00 -155.00
 -123.00 -3.00 -149.00
 -123.00 -17.00 -225.00
 -82.00 20.00 -129.00
 -124.00 -4.00 -154.00
 -85.00 17.00 24.00
 -90.00 -3.00 56.00
 -132.00 7.00 -130.00
 -115.00 0.00 -154.00
 -124.00 -3.00 -149.00
 -123.00 -17.00 -224.00
 -82.00 20.00 -129.00
 -124.00 -4.00 -154.00
 -85.00 17.00 24.00
 -89.00 -1.00 56.00
 -132.00 7.00 -129.00
 -115.00 1.00 -155.00
 -124.00 -2.00 -148.00
 -124.00 -16.00 -224.00
 -83.00 20.00 -129.00
 -123.00 -5.00 -154.00
 -85.00 18.00 23.00
 -90.00 -1.00 57.00
 -132.00 7.00 -129.00
 -114.00 1.00 -154.00
 -123.00 -3.00 -148.00
 -123.00 -16.00 -226.00
 -82.00 20.00 -129.00
 -123.00 -5.00 -154.00
 -86.00 18.00 22.00
 -89.00 -2.00 57.00
 -131.00 7.00 -129.00
 -114.00 0.00 -155.00
 -123.00 -3.00 -149.00
 -123.00 -16.00 -224.00
 -83.00 21.00 -129.00
 -124.00 -5.00 -155.00
 -85.00 19.00 23.00
 -90.00 -1.00 57.00
 -132.00 7.00 -129.00
 -115.00 1.00 -154.00
 -124.00 -2.00 -148.00
 -122.00 -16.00 -225.00
 -82.00 21.00 -129.00
 -123.00 -5.00 -154.00
 -86.00 19.00 22.00
 -88.00 -1.00 57.00
 -131.00 8.00 -129.00
 -113.00 2.00 -155.00
 -123.00 -1.00 -149.00
 -121.00 -15.00 -225.00
 -81.00 21.00 -130.00
 -123.00 -3.00 -154.00
 -84.00 19.00 23.00
 -88.00 -1.00 56.00
 -130.00 9.00 -129.00
 -113.00 2.00 -155.00
 -122.00 -1.00 -149.00
 -121.00 -15.00 -225.00
 -80.00 22.00 -129.00
 -122.00 -3.00 -154.00
 -84.00 19.00 23.00
 -88.00 -1.00 56.00
 -130.00 7.00 -130.00
 -113.00 3.00 -155.00
 -121.00 -2.00 -149.00
 -121.00 -15.00 -225.00
 -81.00 22.00 -129.00
 -122.00 -3.00 -155.00
 -84.00 19.00 24.00
 -88.00 0.00 57.00
 -130.00 8.00 -130.00
 -112.00 1.00 -155.00
 -121.00 0.00 -148.00
 -121.00 -15.00 -225.00
 -80.00 23.00 -129.00
 -121.00 -2.00 -154.00
 -83.00 20.00 26.00
 -86.00 0.00 56.00
 -129.00 10.00 -130.00
 -111.00 3.00 -154.00
 -121.00 0.00 -149.00
 -119.00 -14.00 -225.00
 -80.00 23.00 -129.00
 -120.00 -2.00 -154.00
 -83.00 20.00 26.00
 -85.00 1.00 55.00
 -129.00 9.00 -129.00
 -110.00 4.00 -155.00
 -119.00 0.00 -149.00
 -118.00 -13.00 -225.00
 -77.00 24.00 -129.00
 -119.00 0.00 -155.00
 -80.00 22.00 25.00
 -83.00 3.00 57.00
 -126.00 10.00 -130.00
 -108.00 6.00 -156.00
 -117.00 2.00 -150.00
 -116.00 -11.00 -226.00
 -76.00 25.00 -130.00
 -118.00 -1.00 -156.00
 -78.00 22.00 24.00
 -81.00 4.00 56.00
 -126.00 10.00 -130.00
 -106.00 6.00 -157.00
 -117.00 3.00 -150.00
 -114.00 -10.00 -226.00
 -74.00 26.00 -131.00
 -116.00 2.00 -156.00
 -76.00 25.00 24.00
 -79.00 5.00 56.00
 -123.00 13.00 -130.00
 -105.00 7.00 -156.00
 -114.00 4.00 -150.00
 -111.00 -8.00 -227.00
 -70.00 30.00 -131.00
 -112.00 4.00 -156.00
 -72.00 28.00 24.00
 -74.00 8.00 55.00
 -119.00 17.00 -131.00
 -100.00 9.00 -157.00
 -109.00 7.00 -151.00
 -108.00 -5.00 -226.00
 -67.00 32.00 -132.00
 -109.00 7.00 -157.00
 -68.00 31.00 25.00
 -72.00 11.00 55.00
 -116.00 18.00 -131.00
 -98.00 12.00 -157.00
 -107.00 10.00 -151.00
 -106.00 -3.00 -226.00
 -64.00 34.00 -130.00
 -106.00 9.00 -157.00
 -67.00 32.00 24.00
 -71.00 11.00 55.00
 -114.00 21.00 -131.00
 -95.00 14.00 -156.00
 -105.00 11.00 -152.00
 -104.00 -3.00 -227.00
 -62.00 35.00 -132.00
 -103.00 11.00 -157.00
 -65.00 33.00 25.00
 -68.00 14.00 54.00
 -111.00 22.00 -131.00
 -92.00 15.00 -157.00
 -105.00 11.00 -152.00
 -104.00 -3.00 -227.00
 -60.00 38.00 -132.00
 -102.00 14.00 -158.00
 -62.00 36.00 24.00
 -67.00 15.00 55.00
 -109.00 25.00 -131.00
 -90.00 18.00 -157.00
 -101.00 16.00 -151.00
 -99.00 3.00 -225.00
 -57.00 41.00 -131.00
 -99.00 17.00 -157.00
 -60.00 40.00 24.00
 -62.00 20.00 56.00
 -105.00 29.00 -130.00
 -87.00 22.00 -155.00
 -98.00 20.00 -150.00
 -97.00 7.00 -225.00
 -56.00 44.00 -129.00
 -98.00 21.00 -155.00
 -58.00 43.00 23.00
 -63.00 23.00 58.00
 -106.00 31.00 -129.00
 -87.00 25.00 -155.00
 -99.00 22.00 -149.00
 -97.00 9.00 -224.00
 -56.00 46.00 -128.00
 -98.00 22.00 -154.00
 -59.00 45.00 23.00
 -63.00 24.00 59.00
 -106.00 33.00 -127.00
 -87.00 26.00 -154.00
 -98.00 23.00 -147.00
 -96.00 11.00 -223.00
 -56.00 49.00 -127.00
 -97.00 24.00 -153.00
 -59.00 48.00 23.00
 -62.00 27.00 59.00
 -105.00 35.00 -127.00
 -86.00 29.00 -153.00
 -98.00 26.00 -148.00
 -96.00 13.00 -222.00
 -57.00 51.00 -126.00
 -99.00 27.00 -152.00
 -58.00 50.00 23.00
 -62.00 30.00 62.00
 -106.00 39.00 -124.00
 -86.00 29.00 -153.00
 -98.00 29.00 -145.00
 -96.00 17.00 -221.00
 -56.00 54.00 -126.00
 -97.00 31.00 -151.00
 -59.00 54.00 24.00
 -63.00 34.00 63.00
 -106.00 42.00 -123.00
 -87.00 34.00 -149.00
 -97.00 32.00 -144.00
 -97.00 18.00 -218.00
 -55.00 55.00 -124.00
 -98.00 33.00 -149.00
 -58.00 56.00 22.00
 -62.00 36.00 65.00
 -105.00 45.00 -122.00
 -87.00 37.00 -147.00
 -98.00 35.00 -142.00
 -96.00 22.00 -218.00
 -56.00 59.00 -123.00
 -98.00 35.00 -148.00
 -58.00 58.00 23.00
 -62.00 37.00 66.00
 -106.00 47.00 -120.00
 -86.00 39.00 -147.00
 -98.00 36.00 -141.00
 -96.00 22.00 -218.00
 -56.00 61.00 -121.00
 -98.00 37.00 -146.00
 -59.00 62.00 25.00
 -62.00 40.00 68.00
 -106.00 50.00 -119.00
 -87.00 42.00 -145.00
 -99.00 39.00 -139.00
 -98.00 26.00 -214.00
 -57.00 65.00 -121.00
 -99.00 41.00 -144.00
 -60.00 64.00 24.00
 -64.00 44.00 70.00
 -108.00 53.00 -117.00
 -89.00 45.00 -142.00
 -101.00 42.00 -137.00
 -99.00 29.00 -212.00
 -57.00 67.00 -118.00
 -100.00 44.00 -142.00
 -61.00 66.00 24.00
 -65.00 47.00 73.00
 -108.00 56.00 -115.00
 -90.00 49.00 -139.00
 -100.00 47.00 -134.00
 -100.00 34.00 -208.00
 -61.00 72.00 -114.00
 -103.00 49.00 -137.00
 -63.00 71.00 25.00
 -69.00 51.00 78.00
 -113.00 61.00 -108.00
 -94.00 52.00 -135.00
 -104.00 52.00 -128.00
 -102.00 38.00 -203.00
 -63.00 76.00 -111.00
 -103.00 55.00 -133.00
 -65.00 77.00 24.00
 -67.00 56.00 83.00
 -110.00 65.00 -106.00
 -92.00 57.00 -132.00
 -103.00 57.00 -126.00
 -102.00 43.00 -201.00
 -61.00 81.00 -108.00
 -104.00 59.00 -130.00
 -63.00 81.00 24.00
 -68.00 61.00 85.00
 -109.00 69.00 -103.00
 -92.00 57.00 -132.00
 -102.00 62.00 -122.00
 -101.00 47.00 -197.00
 -60.00 84.00 -105.00
 -103.00 63.00 -128.00
 -63.00 86.00 23.00
 -67.00 64.00 88.00
 -109.00 73.00 -99.00
 -91.00 64.00 -125.00
 -103.00 63.00 -120.00
 -102.00 50.00 -195.00
 -61.00 86.00 -103.00
 -103.00 66.00 -126.00
 -64.00 88.00 23.00
 -68.00 66.00 91.00
 -110.00 75.00 -97.00
 -91.00 67.00 -125.00
 -104.00 65.00 -119.00
 -102.00 50.00 -194.00
 -60.00 88.00 -101.00
 -102.00 67.00 -124.00
 -63.00 91.00 24.00
 -67.00 67.00 91.00
 -110.00 77.00 -96.00
 -92.00 69.00 -122.00
 -103.00 67.00 -117.00
 -102.00 50.00 -194.00
 -59.00 90.00 -100.00
 -102.00 69.00 -123.00
 -63.00 91.00 21.00
 -67.00 70.00 93.00
 -109.00 78.00 -94.00
 -91.00 70.00 -120.00
 -103.00 68.00 -115.00
 -101.00 55.00 -190.00
 -61.00 93.00 -99.00
 -102.00 71.00 -121.00
 -63.00 93.00 24.00
 -66.00 71.00 96.00
 -109.00 81.00 -93.00
 -90.00 72.00 -119.00
 -103.00 71.00 -113.00
 -102.00 57.00 -187.00
 -58.00 95.00 -97.00
 -100.00 75.00 -119.00
 -63.00 93.00 24.00
 -65.00 75.00 99.00
 -107.00 85.00 -89.00
 -88.00 76.00 -116.00
 -103.00 71.00 -113.00
 -99.00 61.00 -185.00
 -58.00 98.00 -96.00
 -100.00 79.00 -115.00
 -60.00 100.00 25.00
 -63.00 77.00 101.00
 -106.00 88.00 -86.00
 -88.00 78.00 -113.00
 -98.00 78.00 -108.00
 -97.00 65.00 -181.00
 -56.00 101.00 -91.00
 -98.00 84.00 -110.00
 -59.00 104.00 23.00
 -62.00 81.00 105.00
 -106.00 92.00 -83.00
 -86.00 81.00 -110.00
 -98.00 82.00 -104.00
 -97.00 67.00 -178.00
 -56.00 101.00 -91.00
 -98.00 85.00 -108.00
 -60.00 105.00 23.00
 -63.00 84.00 109.00
 -107.00 94.00 -78.00
 -88.00 84.00 -106.00
 -100.00 84.00 -101.00
 -98.00 69.00 -175.00
 -56.00 106.00 -86.00
 -99.00 87.00 -105.00
 -60.00 108.00 25.00
 -64.00 85.00 111.00
 -107.00 95.00 -77.00
 -87.00 85.00 -103.00
 -99.00 85.00 -99.00
 -99.00 71.00 -173.00
 -57.00 107.00 -85.00
 -99.00 87.00 -105.00
 -61.00 109.00 26.00
 -66.00 86.00 114.00
 -108.00 96.00 -75.00
 -89.00 85.00 -102.00
 -101.00 86.00 -96.00
 -101.00 72.00 -171.00
 -60.00 108.00 -83.00
 -103.00 90.00 -100.00
 -65.00 111.00 24.00
 -67.00 85.00 115.00
 -110.00 98.00 -71.00
 -92.00 88.00 -98.00
 -105.00 87.00 -93.00
 -101.00 72.00 -171.00
 -61.00 109.00 -81.00
 -104.00 90.00 -98.00
 -65.00 111.00 25.00
 -70.00 88.00 119.00
 -111.00 100.00 -69.00
 -92.00 89.00 -96.00
 -103.00 89.00 -90.00
 -102.00 75.00 -166.00
 -61.00 112.00 -77.00
 -103.00 94.00 -94.00
 -63.00 114.00 24.00
 -67.00 92.00 122.00
 -110.00 102.00 -66.00
 -91.00 92.00 -93.00
 -103.00 92.00 -87.00
 -102.00 78.00 -161.00
 -62.00 114.00 -75.00
 -105.00 96.00 -89.00
 -65.00 117.00 26.00
 -68.00 93.00 126.00
 -112.00 103.00 -62.00
 -93.00 93.00 -89.00
 -105.00 94.00 -83.00
 -104.00 79.00 -156.00
 -62.00 116.00 -71.00
 -105.00 99.00 -86.00
 -66.00 119.00 24.00
 -69.00 95.00 131.00
 -112.00 106.00 -58.00
 -93.00 95.00 -85.00
 -104.00 97.00 -78.00
 -104.00 82.00 -152.00
 -60.00 118.00 -68.00
 -104.00 102.00 -83.00
 -65.00 121.00 25.00
 -68.00 97.00 135.00
 -111.00 109.00 -53.00
 -91.00 98.00 -83.00
 -103.00 99.00 -75.00
 -102.00 85.00 -149.00
 -60.00 122.00 -64.00
 -104.00 105.00 -79.00
 -65.00 124.00 24.00
 -67.00 101.00 139.00
 -111.00 110.00 -49.00
 -92.00 100.00 -76.00
 -104.00 101.00 -70.00
 -103.00 86.00 -145.00
 -62.00 123.00 -62.00
 -105.00 105.00 -76.00
 -66.00 124.00 22.00
 -71.00 100.00 141.00
 -112.00 111.00 -46.00
 -94.00 100.00 -75.00
 -107.00 101.00 -68.00
 -104.00 86.00 -144.00
 -64.00 123.00 -59.00
 -106.00 106.00 -72.00
 -67.00 125.00 26.00
 -71.00 102.00 145.00
 -114.00 113.00 -43.00
 -94.00 102.00 -71.00
 -107.00 103.00 -64.00
 -106.00 88.00 -140.00
 -63.00 125.00 -56.00
 -107.00 108.00 -68.00
 -67.00 127.00 25.00
 -70.00 102.00 148.00
 -113.00 115.00 -40.00
 -93.00 104.00 -68.00
 -105.00 105.00 -62.00
 -106.00 88.00 -140.00
 -62.00 126.00 -53.00
 -104.00 110.00 -64.00
 -65.00 130.00 24.00
 -69.00 104.00 153.00
 -111.00 117.00 -37.00
 -92.00 105.00 -64.00
 -105.00 107.00 -57.00
 -103.00 92.00 -133.00
 -60.00 128.00 -50.00
 -103.00 113.00 -61.00
 -64.00 131.00 23.00
 -69.00 104.00 153.00
 -111.00 118.00 -33.00
 -90.00 106.00 -61.00
 -103.00 110.00 -54.00
 -101.00 93.00 -130.00
 -59.00 129.00 -49.00
 -101.00 114.00 -57.00
 -63.00 133.00 22.00
 -66.00 108.00 159.00
 -111.00 118.00 -33.00
 -88.00 108.00 -56.00
 -100.00 111.00 -50.00
 -99.00 95.00 -125.00
 -59.00 129.00 -49.00
 -99.00 116.00 -54.00
 -63.00 133.00 22.00
 -63.00 111.00 164.00
 -105.00 121.00 -24.00
 -87.00 111.00 -53.00
 -99.00 113.00 -45.00
 -97.00 97.00 -120.00
 -55.00 135.00 -40.00
 -97.00 119.00 -48.00
 -59.00 138.00 23.00
 -62.00 111.00 170.00
 -106.00 124.00 -18.00
 -86.00 111.00 -47.00
 -98.00 115.00 -41.00
 -97.00 98.00 -115.00
 -54.00 135.00 -35.00
 -97.00 120.00 -42.00
 -57.00 139.00 24.00
 -61.00 113.00 176.00
 -104.00 126.00 -12.00
 -84.00 114.00 -42.00
 -97.00 116.00 -35.00
 -95.00 100.00 -109.00
 -51.00 138.00 -30.00
 -94.00 123.00 -37.00
 -55.00 141.00 24.00
 -59.00 115.00 183.00
 -101.00 128.00 -7.00
 -82.00 116.00 -35.00
 -95.00 118.00 -28.00
 -94.00 102.00 -102.00
 -50.00 139.00 -23.00
 -93.00 124.00 -28.00
 -55.00 143.00 24.00
 -58.00 116.00 191.00
 -100.00 128.00 1.00
 -80.00 116.00 -27.00
 -95.00 118.00 -28.00
 -94.00 104.00 -95.00
 -49.00 141.00 -18.00
 -92.00 125.00 -22.00
 -53.00 143.00 25.00
 -57.00 116.00 197.00
 -99.00 129.00 7.00
 -80.00 117.00 -22.00
 -93.00 121.00 -15.00
 -92.00 104.00 -89.00
 -47.00 141.00 -12.00
 -89.00 127.00 -15.00
 -50.00 145.00 25.00
 -55.00 117.00 202.00
 -97.00 130.00 14.00
 -77.00 118.00 -15.00
 -90.00 122.00 -8.00
 -90.00 105.00 -84.00
 -44.00 142.00 -7.00
 -88.00 127.00 -9.00
 -48.00 146.00 17.00
 -53.00 118.00 209.00
 -92.00 131.00 22.00
 -72.00 119.00 -8.00
 -87.00 123.00 -1.00
 -85.00 106.00 -75.00
 -39.00 143.00 0.00
 -83.00 128.00 -1.00
 -44.00 146.00 24.00
 -48.00 118.00 218.00
 -90.00 131.00 27.00
 -71.00 118.00 0.00
 -82.00 123.00 8.00
 -81.00 105.00 -67.00
 -35.00 142.00 7.00
 -83.00 128.00 -1.00
 -39.00 146.00 24.00
 -43.00 119.00 227.00
 -85.00 130.00 35.00
 -65.00 119.00 6.00
 -77.00 123.00 17.00
 -76.00 105.00 -57.00
 -28.00 142.00 16.00
 -72.00 128.00 18.00
 -32.00 147.00 24.00
 -35.00 117.00 236.00
 -85.00 130.00 35.00
 -58.00 118.00 15.00
 -71.00 124.00 25.00
 -69.00 104.00 -50.00
 -24.00 141.00 21.00
 -67.00 129.00 24.00
 -28.00 145.00 25.00
 -33.00 116.00 243.00
 -76.00 129.00 51.00
 -55.00 118.00 21.00
 -70.00 123.00 30.00
 -68.00 103.00 -44.00
 -23.00 141.00 25.00
 -66.00 127.00 31.00
 -26.00 145.00 24.00
 -32.00 114.00 248.00
 -75.00 129.00 57.00
 -55.00 116.00 28.00
 -71.00 121.00 38.00
 -70.00 102.00 -39.00
 -23.00 138.00 30.00
 -68.00 125.00 39.00
 -28.00 141.00 24.00
 -35.00 112.00 257.00
 -76.00 124.00 66.00
 -57.00 113.00 36.00
 -71.00 119.00 47.00
 -71.00 99.00 -30.00
 -25.00 136.00 38.00
 -69.00 123.00 49.00
 -29.00 139.00 23.00
 -35.00 107.00 266.00
 -79.00 121.00 75.00
 -60.00 110.00 45.00
 -74.00 116.00 56.00
 -74.00 97.00 -22.00
 -26.00 132.00 44.00
 -71.00 120.00 54.00
 -32.00 135.00 24.00
 -39.00 106.00 271.00
 -80.00 118.00 83.00
 -60.00 106.00 53.00
 -75.00 113.00 64.00
 -75.00 92.00 -14.00
 -28.00 128.00 52.00
 -71.00 117.00 65.00
 -33.00 129.00 24.00
 -38.00 100.00 282.00
 -80.00 112.00 95.00
 -60.00 100.00 67.00
 -75.00 107.00 78.00
 -75.00 86.00 -1.00
 -28.00 121.00 64.00
 -72.00 110.00 80.00
 -33.00 124.00 25.00
 -39.00 90.00 296.00
 -81.00 104.00 107.00
 -62.00 94.00 74.00
 -76.00 101.00 88.00
 -76.00 79.00 10.00
 -28.00 115.00 72.00
 -72.00 105.00 88.00
 -33.00 118.00 24.00
 -39.00 84.00 303.00
 -81.00 99.00 114.00
 -61.00 89.00 81.00
 -76.00 96.00 96.00
 -76.00 75.00 17.00
 -28.00 110.00 77.00
 -71.00 100.00 95.00
 -33.00 115.00 26.00
 -39.00 81.00 310.00
 -82.00 97.00 119.00
 -61.00 89.00 81.00
 -77.00 90.00 101.00
 -77.00 71.00 22.00
 -29.00 106.00 82.00
 -73.00 95.00 102.00
 -36.00 109.00 25.00
 -41.00 75.00 316.00
 -84.00 91.00 124.00
 -65.00 81.00 93.00
 -80.00 87.00 106.00
 -79.00 66.00 27.00
 -32.00 101.00 87.00
 -75.00 92.00 106.00
 -38.00 105.00 25.00
 -44.00 72.00 320.00
 -84.00 91.00 124.00
 -65.00 76.00 97.00
 -79.00 84.00 109.00
 -80.00 63.00 30.00
 -32.00 97.00 90.00
 -75.00 89.00 109.00
 -37.00 101.00 23.00
 -44.00 66.00 324.00
 -86.00 83.00 134.00
 -66.00 72.00 102.00
 -81.00 79.00 113.00
 -79.00 58.00 35.00
 -34.00 91.00 94.00
 -77.00 84.00 116.00
 -39.00 94.00 23.00
 -45.00 63.00 328.00
 -87.00 77.00 138.00
 -68.00 66.00 108.00
 -82.00 75.00 120.00
 -79.00 58.00 35.00
 -34.00 85.00 99.00
 -77.00 77.00 121.00
 -40.00 88.00 25.00
 -45.00 55.00 334.00
 -87.00 71.00 144.00
 -67.00 59.00 113.00
 -80.00 68.00 127.00
 -81.00 45.00 47.00
 -34.00 77.00 105.00
 -77.00 69.00 129.00
 -40.00 77.00 25.00
 -45.00 55.00 334.00
 -88.00 59.00 152.00
 -68.00 52.00 118.00
 -80.00 68.00 127.00
 -85.00 36.00 53.00
 -37.00 67.00 110.00
 -80.00 60.00 135.00
 -43.00 72.00 24.00
 -49.00 36.00 346.00
 -89.00 54.00 156.00
 -70.00 45.00 124.00
 -84.00 54.00 138.00
 -83.00 32.00 56.00
 -35.00 65.00 111.00
 -77.00 58.00 138.00
 -39.00 70.00 23.00
 -46.00 36.00 348.00
 -86.00 52.00 157.00
 -66.00 45.00 124.00
 -80.00 51.00 139.00
 -80.00 31.00 58.00
 -30.00 65.00 112.00
 -74.00 56.00 140.00
 -36.00 68.00 23.00
 -43.00 32.00 350.00
 -84.00 49.00 161.00
 -65.00 40.00 126.00
 -80.00 48.00 142.00
 -80.00 24.00 62.00
 -31.00 58.00 116.00
 -75.00 51.00 144.00
 -37.00 58.00 24.00
 -43.00 21.00 356.00
 -85.00 41.00 165.00
 -65.00 29.00 133.00
 -80.00 39.00 149.00
 -77.00 15.00 67.00
 -31.00 58.00 116.00
 -74.00 40.00 150.00
 -33.00 50.00 25.00
 -38.00 13.00 361.00
 -81.00 32.00 168.00
 -59.00 23.00 137.00
 -73.00 31.00 152.00
 -75.00 11.00 70.00
 -23.00 42.00 124.00
 -74.00 40.00 150.00
 -28.00 42.00 23.00
 -33.00 6.00 365.00
 -75.00 25.00 174.00
 -56.00 15.00 140.00
 -69.00 23.00 158.00
 -70.00 3.00 75.00
 -21.00 33.00 127.00
 -66.00 24.00 159.00
 -28.00 32.00 26.00
 -34.00 -2.00 368.00
 -76.00 14.00 178.00
 -58.00 3.00 145.00
 -72.00 12.00 161.00
 -73.00 -9.00 80.00
 -24.00 20.00 131.00
 -69.00 12.00 163.00
 -31.00 19.00 25.00
 -37.00 -14.00 371.00
 -78.00 3.00 182.00
 -59.00 -6.00 148.00
 -72.00 2.00 167.00
 -73.00 -19.00 83.00
 -23.00 11.00 133.00
 -68.00 1.00 167.00
 -30.00 7.00 25.00
 -37.00 -14.00 371.00
 -77.00 -9.00 185.00
 -58.00 -15.00 150.00
 -72.00 -11.00 170.00
 -74.00 -31.00 87.00
 -26.00 -5.00 135.00
 -71.00 -16.00 172.00
 -33.00 -4.00 23.00
 -40.00 -42.00 378.00
 -82.00 -26.00 189.00
 -62.00 -30.00 154.00
 -76.00 -25.00 172.00
 -76.00 -45.00 89.00
 -27.00 -19.00 138.00
 -72.00 -24.00 174.00
 -32.00 -17.00 23.00
 -39.00 -53.00 379.00
 -80.00 -36.00 189.00
 -61.00 -40.00 156.00
 -75.00 -33.00 174.00
 -74.00 -54.00 91.00
 -26.00 -27.00 139.00
 -70.00 -33.00 174.00
 -33.00 -27.00 24.00
 -41.00 -65.00 379.00
 -84.00 -46.00 190.00
 -65.00 -49.00 156.00
 -79.00 -44.00 174.00
 -80.00 -66.00 91.00
 -32.00 -40.00 138.00
 -70.00 -33.00 174.00
 -38.00 -38.00 25.00
 -45.00 -75.00 379.00
 -87.00 -55.00 190.00
 -67.00 -60.00 157.00
 -81.00 -51.00 174.00
 -81.00 -71.00 90.00
 -35.00 -45.00 139.00
 -78.00 -52.00 175.00
 -41.00 -43.00 24.00
 -48.00 -78.00 378.00
 -89.00 -59.00 190.00
 -72.00 -64.00 155.00
 -84.00 -57.00 174.00
 -85.00 -76.00 91.00
 -36.00 -51.00 138.00
 -81.00 -58.00 175.00
 -43.00 -51.00 24.00
 -51.00 -86.00 377.00
 -91.00 -66.00 189.00
 -73.00 -70.00 155.00
 -85.00 -61.00 175.00
 -86.00 -83.00 90.00
 -37.00 -58.00 138.00
 -83.00 -66.00 174.00
 -48.00 -59.00 25.00
 -53.00 -91.00 377.00
 -95.00 -75.00 188.00
 -78.00 -80.00 154.00
 -90.00 -69.00 173.00
 -91.00 -92.00 89.00
 -44.00 -65.00 136.00
 -87.00 -74.00 173.00
 -52.00 -66.00 24.00
 -57.00 -99.00 374.00
 -98.00 -79.00 187.00
 -80.00 -82.00 154.00
 -93.00 -72.00 173.00
 -93.00 -94.00 88.00
 -45.00 -65.00 136.00
 -90.00 -75.00 173.00
 -54.00 -67.00 23.00
 -60.00 -99.00 373.00
 -101.00 -81.00 185.00
 -83.00 -83.00 152.00
 -97.00 -76.00 171.00
 -99.00 -99.00 86.00
 -51.00 -70.00 133.00
 -94.00 -79.00 171.00
 -58.00 -71.00 24.00
 -65.00 -105.00 372.00
 -106.00 -88.00 184.00
 -88.00 -88.00 151.00
 -97.00 -76.00 171.00
 -100.00 -101.00 86.00
 -52.00 -72.00 134.00
 -95.00 -80.00 170.00
 -58.00 -71.00 23.00
 -64.00 -104.00 372.00
 -103.00 -87.00 185.00
 -86.00 -89.00 151.00
 -98.00 -80.00 170.00
 -98.00 -102.00 86.00
 -51.00 -74.00 134.00
 -92.00 -83.00 172.00
 -58.00 -71.00 23.00
 -62.00 -108.00 372.00
 -103.00 -90.00 185.00
 -86.00 -91.00 151.00
 -98.00 -83.00 170.00
 -99.00 -107.00 85.00
 -50.00 -79.00 134.00
 -95.00 -88.00 170.00
 -58.00 -80.00 24.00
 -65.00 -115.00 370.00
 -106.00 -97.00 182.00
 -89.00 -98.00 149.00
 -100.00 -89.00 169.00
 -100.00 -110.00 84.00
 -52.00 -83.00 133.00
 -95.00 -90.00 168.00
 -59.00 -82.00 23.00
 -65.00 -115.00 370.00
 -107.00 -96.00 183.00
 -88.00 -98.00 149.00
 -100.00 -90.00 169.00
 -101.00 -111.00 84.00
 -54.00 -82.00 132.00
 -96.00 -93.00 169.00
 -61.00 -84.00 23.00
 -67.00 -119.00 368.00
 -108.00 -101.00 181.00
 -90.00 -103.00 148.00
 -100.00 -94.00 168.00
 -101.00 -115.00 83.00
 -52.00 -90.00 131.00
 -95.00 -100.00 167.00
 -59.00 -92.00 26.00
 -65.00 -124.00 366.00
 -106.00 -107.00 179.00
 -90.00 -110.00 146.00
 -101.00 -102.00 165.00
 -101.00 -123.00 82.00
 -53.00 -96.00 130.00
 -93.00 -105.00 166.00
 -57.00 -96.00 24.00
 -65.00 -129.00 366.00
 -105.00 -110.00 179.00
 -87.00 -112.00 147.00
 -99.00 -103.00 166.00
 -101.00 -125.00 81.00
 -54.00 -97.00 128.00
 -96.00 -105.00 166.00
 -62.00 -100.00 25.00
 -65.00 -129.00 366.00
 -108.00 -113.00 178.00
 -92.00 -114.00 144.00
 -104.00 -107.00 163.00
 -104.00 -128.00 79.00
 -56.00 -102.00 127.00
 -99.00 -111.00 162.00
 -62.00 -103.00 25.00
 -68.00 -135.00 363.00
 -108.00 -113.00 178.00
 -92.00 -118.00 144.00
 -102.00 -109.00 163.00
 -104.00 -131.00 78.00
 -56.00 -103.00 126.00
 -101.00 -112.00 163.00
 -63.00 -104.00 24.00
 -70.00 -137.00 362.00
 -112.00 -119.00 175.00
 -94.00 -120.00 141.00
 -105.00 -114.00 160.00
 -106.00 -134.00 76.00
 -58.00 -111.00 124.00
 -100.00 -119.00 160.00
 -65.00 -112.00 25.00
 -70.00 -146.00 359.00
 -111.00 -127.00 172.00
 -94.00 -129.00 138.00
 -103.00 -122.00 159.00
 -105.00 -143.00 74.00
 -56.00 -118.00 122.00
 -100.00 -128.00 157.00
 -62.00 -119.00 24.00
 -69.00 -153.00 356.00
 -111.00 -133.00 170.00
 -93.00 -135.00 136.00
 -104.00 -129.00 156.00
 -106.00 -151.00 69.00
 -60.00 -128.00 118.00
 -102.00 -136.00 152.00
 -66.00 -129.00 25.00
 -73.00 -163.00 350.00
 -114.00 -144.00 164.00
 -96.00 -145.00 131.00
 -107.00 -139.00 150.00
 -108.00 -159.00 65.00
 -62.00 -134.00 114.00
 -105.00 -143.00 149.00
 -69.00 -136.00 25.00
 -75.00 -168.00 346.00
 -117.00 -149.00 160.00
 -99.00 -150.00 127.00
 -110.00 -144.00 146.00
 -110.00 -165.00 60.00
 -65.00 -142.00 109.00
 -108.00 -152.00 143.00
 -71.00 -147.00 25.00
 -77.00 -178.00 339.00
 -118.00 -158.00 155.00
 -100.00 -158.00 121.00
 -110.00 -153.00 141.00
 -111.00 -172.00 57.00
 -65.00 -145.00 108.00
 -108.00 -156.00 141.00
 -73.00 -150.00 24.00
 -77.00 -182.00 337.00
 -118.00 -158.00 155.00
 -102.00 -163.00 118.00
 -110.00 -153.00 141.00
 -114.00 -178.00 52.00
 -68.00 -153.00 102.00
 -110.00 -162.00 135.00
 -75.00 -156.00 26.00
 -80.00 -187.00 330.00
 -118.00 -158.00 155.00
 -105.00 -167.00 114.00
 -115.00 -163.00 132.00
 -116.00 -183.00 49.00
 -70.00 -157.00 98.00
 -113.00 -167.00 130.00
 -77.00 -160.00 25.00
 -81.00 -191.00 326.00
 -123.00 -173.00 141.00
 -106.00 -172.00 110.00
 -117.00 -167.00 128.00
 -118.00 -185.00 45.00
 -70.00 -157.00 98.00
 -116.00 -172.00 125.00
 -81.00 -166.00 25.00
 -84.00 -196.00 320.00
 -128.00 -179.00 134.00
 -106.00 -172.00 110.00
 -121.00 -174.00 120.00
 -122.00 -192.00 36.00
 -73.00 -163.00 85.00
 -119.00 -179.00 116.00
 -84.00 -172.00 25.00
 -89.00 -203.00 310.00
 -131.00 -187.00 124.00
 -115.00 -184.00 94.00
 -123.00 -181.00 112.00
 -124.00 -200.00 29.00
 -81.00 -179.00 75.00
 -122.00 -188.00 106.00
 -87.00 -184.00 23.00
 -91.00 -213.00 298.00
 -133.00 -198.00 110.00
 -116.00 -195.00 80.00
 -125.00 -193.00 96.00
 -126.00 -211.00 13.00
 -80.00 -187.00 65.00
 -124.00 -198.00 92.00
 -88.00 -192.00 23.00
 -91.00 -213.00 298.00
 -135.00 -207.00 97.00
 -118.00 -202.00 68.00
 -127.00 -201.00 84.00
 -127.00 -220.00 2.00
 -83.00 -194.00 54.00
 -125.00 -206.00 79.00
 -87.00 -199.00 24.00
 -91.00 -213.00 298.00
 -132.00 -211.00 88.00
 -118.00 -208.00 58.00
 -124.00 -206.00 77.00
 -125.00 -225.00 -7.00
 -80.00 -199.00 47.00
 -123.00 -211.00 70.00
 -86.00 -204.00 26.00
 -91.00 -232.00 263.00
 -133.00 -217.00 76.00
 -118.00 -208.00 58.00
 -124.00 -213.00 63.00
 -125.00 -231.00 -21.00
 -80.00 -206.00 34.00
 -123.00 -219.00 54.00
 -86.00 -211.00 24.00
 -90.00 -238.00 247.00
 -133.00 -223.00 61.00
 -117.00 -219.00 32.00
 -123.00 -218.00 49.00
 -124.00 -237.00 -35.00
 -79.00 -210.00 24.00
 -120.00 -224.00 43.00
 -82.00 -216.00 25.00
 -86.00 -242.00 236.00
 -129.00 -228.00 48.00
 -114.00 -224.00 19.00
 -121.00 -223.00 35.00
 -121.00 -241.00 -51.00
 -77.00 -213.00 10.00
 -119.00 -228.00 25.00
 -81.00 -218.00 24.00
 -85.00 -244.00 219.00
 -129.00 -231.00 33.00
 -111.00 -227.00 5.00
 -118.00 -227.00 22.00
 -120.00 -244.00 -63.00
 -74.00 -214.00 1.00
 -118.00 -230.00 14.00
 -79.00 -221.00 24.00
 -84.00 -246.00 209.00
 -126.00 -232.00 24.00
 -110.00 -228.00 -3.00
 -116.00 -227.00 12.00
 -117.00 -245.00 -71.00
 -72.00 -216.00 -4.00
 -116.00 -231.00 9.00
 -77.00 -222.00 24.00
 -81.00 -248.00 205.00
 -124.00 -233.00 21.00
 -107.00 -229.00 -8.00
 -114.00 -229.00 10.00
 -115.00 -247.00 -72.00
 -70.00 -216.00 -7.00
 -114.00 -231.00 6.00
 -76.00 -222.00 24.00
 -80.00 -249.00 201.00
 -123.00 -232.00 18.00
 -106.00 -230.00 -12.00
 -113.00 -229.00 6.00
 -114.00 -246.00 -77.00
 -70.00 -216.00 -11.00
 -113.00 -233.00 1.00
 -76.00 -221.00 25.00
 -78.00 -249.00 194.00
 -122.00 -233.00 10.00
 -106.00 -229.00 -17.00
 -113.00 -230.00 0.00
 -112.00 -247.00 -84.00
 -69.00 -216.00 -17.00
 -113.00 -233.00 -7.00
 -75.00 -222.00 23.00
 -78.00 -249.00 188.00
 -122.00 -232.00 5.00
 -104.00 -230.00 -24.00
 -112.00 -230.00 -6.00
 -112.00 -247.00 -90.00
 -68.00 -215.00 -23.00
 -112.00 -232.00 -15.00
 -74.00 -222.00 25.00
 -77.00 -246.00 180.00
 -121.00 -232.00 -3.00
 -104.00 -229.00 -33.00
 -111.00 -229.00 -15.00
 -111.00 -247.00 -99.00
 -67.00 -214.00 -30.00
 -110.00 -232.00 -24.00
 -72.00 -221.00 24.00
 -76.00 -245.00 170.00
 -120.00 -231.00 -12.00
 -104.00 -228.00 -40.00
 -111.00 -229.00 -24.00
 -112.00 -244.00 -106.00
 -68.00 -213.00 -35.00
 -112.00 -231.00 -28.00
 -72.00 -219.00 24.00
 -75.00 -244.00 168.00
 -120.00 -230.00 -15.00
 -102.00 -227.00 -43.00
 -110.00 -229.00 -28.00
 -109.00 -245.00 -111.00
 -65.00 -213.00 -39.00
 -108.00 -231.00 -35.00
 -67.00 -219.00 23.00
 -72.00 -245.00 161.00
 -116.00 -230.00 -22.00
 -99.00 -227.00 -50.00
 -106.00 -228.00 -34.00
 -106.00 -244.00 -116.00
 -63.00 -212.00 -44.00
 -105.00 -231.00 -40.00
 -67.00 -219.00 25.00
 -70.00 -243.00 156.00
 -114.00 -228.00 -26.00
 -98.00 -225.00 -55.00
 -105.00 -227.00 -39.00
 -104.00 -243.00 -121.00
 -62.00 -211.00 -49.00
 -105.00 -229.00 -46.00
 -66.00 -216.00 24.00
 -69.00 -241.00 149.00
 -114.00 -226.00 -34.00
 -97.00 -224.00 -62.00
 -105.00 -225.00 -49.00
 -104.00 -240.00 -130.00
 -61.00 -207.00 -56.00
 -104.00 -227.00 -55.00
 -65.00 -214.00 25.00
 -69.00 -239.00 141.00
 -112.00 -224.00 -41.00
 -97.00 -222.00 -69.00
 -104.00 -223.00 -54.00
 -104.00 -237.00 -136.00
 -60.00 -205.00 -62.00
 -104.00 -225.00 -61.00
 -65.00 -211.00 24.00
 -67.00 -235.00 135.00
 -112.00 -222.00 -48.00
 -97.00 -222.00 -69.00
 -102.00 -220.00 -60.00
 -102.00 -236.00 -143.00
 -59.00 -202.00 -69.00
 -101.00 -222.00 -69.00
 -62.00 -208.00 24.00
 -65.00 -232.00 126.00
 -111.00 -217.00 -57.00
 -97.00 -222.00 -69.00
 -102.00 -216.00 -72.00
 -100.00 -230.00 -155.00
 -58.00 -193.00 -80.00
 -101.00 -214.00 -84.00
 -62.00 -201.00 23.00
 -64.00 -219.00 109.00
 -109.00 -208.00 -70.00
 -93.00 -205.00 -102.00
 -99.00 -207.00 -87.00
 -99.00 -222.00 -167.00
 -58.00 -188.00 -87.00
 -101.00 -210.00 -91.00
 -62.00 -194.00 22.00
 -65.00 -216.00 104.00
 -110.00 -204.00 -77.00
 -93.00 -201.00 -105.00
 -101.00 -205.00 -91.00
 -100.00 -220.00 -170.00
 -59.00 -186.00 -89.00
 -102.00 -207.00 -93.00
 -63.00 -192.00 24.00
 -66.00 -214.00 102.00
 -110.00 -204.00 -77.00
 -94.00 -198.00 -109.00
 -101.00 -201.00 -96.00
 -101.00 -217.00 -175.00
 -59.00 -180.00 -94.00
 -101.00 -202.00 -100.00
 -62.00 -188.00 25.00
 -63.00 -208.00 96.00
 -111.00 -201.00 -81.00
 -89.00 -195.00 -114.00
 -98.00 -199.00 -101.00
 -96.00 -213.00 -181.00
 -55.00 -178.00 -98.00
 -96.00 -200.00 -105.00
 -58.00 -186.00 24.00
 -61.00 -206.00 90.00
 -105.00 -192.00 -92.00
 -88.00 -190.00 -120.00
 -97.00 -194.00 -107.00
 -96.00 -208.00 -187.00
 -54.00 -174.00 -101.00
 -97.00 -196.00 -109.00
 -59.00 -180.00 24.00
 -60.00 -203.00 87.00
 -106.00 -190.00 -93.00
 -89.00 -188.00 -122.00
 -97.00 -193.00 -108.00
 -95.00 -207.00 -188.00
 -54.00 -173.00 -103.00
 -97.00 -196.00 -111.00
 -59.00 -180.00 24.00
 -61.00 -199.00 85.00
 -105.00 -188.00 -96.00
 -88.00 -185.00 -124.00
 -98.00 -190.00 -112.00
 -96.00 -203.00 -191.00
 -54.00 -169.00 -106.00
 -98.00 -191.00 -115.00
 -59.00 -180.00 24.00
 -60.00 -194.00 81.00
 -106.00 -182.00 -101.00
 -88.00 -180.00 -130.00
 -96.00 -185.00 -115.00
 -94.00 -197.00 -198.00
 -53.00 -158.00 -113.00
 -97.00 -184.00 -123.00
 -56.00 -165.00 23.00
 -60.00 -187.00 74.00
 -104.00 -174.00 -109.00
 -88.00 -172.00 -138.00
 -95.00 -174.00 -127.00
 -95.00 -188.00 -205.00
 -52.00 -151.00 -119.00
 -95.00 -175.00 -131.00
 -57.00 -154.00 25.00
 -60.00 -176.00 66.00
 -104.00 -163.00 -117.00
 -86.00 -161.00 -144.00
 -96.00 -162.00 -135.00
 -95.00 -175.00 -214.00
 -54.00 -137.00 -126.00
 -97.00 -162.00 -139.00
 -57.00 -140.00 24.00
 -60.00 -162.00 58.00
 -104.00 -149.00 -124.00
 -86.00 -148.00 -152.00
 -96.00 -150.00 -143.00
 -95.00 -163.00 -220.00
 -54.00 -125.00 -131.00
 -96.00 -151.00 -146.00
 -58.00 -129.00 23.00
 -61.00 -149.00 53.00
 -105.00 -138.00 -131.00
 -88.00 -137.00 -156.00
 -97.00 -141.00 -146.00
 -96.00 -155.00 -224.00
 -56.00 -119.00 -133.00
 -97.00 -145.00 -150.00
 -57.00 -126.00 24.00
 -61.00 -146.00 50.00
 -105.00 -135.00 -132.00
 -87.00 -134.00 -160.00
 -96.00 -136.00 -149.00
 -93.00 -148.00 -228.00
 -54.00 -111.00 -136.00
 -97.00 -145.00 -150.00
 -58.00 -115.00 24.00
 -61.00 -146.00 50.00
 -105.00 -124.00 -136.00
 -87.00 -124.00 -164.00
 -97.00 -127.00 -154.00
 -94.00 -138.00 -233.00
 -54.00 -102.00 -139.00
 -97.00 -145.00 -150.00
 -57.00 -103.00 23.00
 -60.00 -132.00 42.00
 -105.00 -124.00 -136.00
 -88.00 -112.00 -167.00
 -98.00 -115.00 -157.00
 -97.00 -125.00 -235.00
 -54.00 -102.00 -139.00
 -100.00 -112.00 -162.00
 -63.00 -88.00 23.00
 -68.00 -101.00 40.00
 -114.00 -89.00 -143.00
 -88.00 -112.00 -167.00
 -106.00 -92.00 -160.00
 -104.00 -108.00 -237.00
 -67.00 -65.00 -142.00
 -108.00 -89.00 -163.00
 -69.00 -71.00 23.00
 -73.00 -86.00 40.00
 -117.00 -76.00 -143.00
 -88.00 -112.00 -170.00
 -108.00 -83.00 -161.00
 -108.00 -96.00 -238.00
 -67.00 -58.00 -143.00
 -108.00 -83.00 -166.00
 -70.00 -63.00 22.00
 -73.00 -80.00 40.00
 -116.00 -69.00 -143.00
 -100.00 -75.00 -169.00
 -108.00 -75.00 -162.00
 -108.00 -96.00 -238.00
 -68.00 -48.00 -142.00
 -109.00 -71.00 -165.00
 -71.00 -52.00 23.00
 -75.00 -67.00 40.00
 -117.00 -57.00 -143.00
 -100.00 -63.00 -170.00
 -110.00 -62.00 -162.00
 -108.00 -96.00 -238.00
 -69.00 -36.00 -143.00
 -110.00 -63.00 -166.00
 -74.00 -40.00 24.00
 -76.00 -55.00 41.00
 -120.00 -46.00 -143.00
 -101.00 -51.00 -168.00
 -112.00 -54.00 -161.00
 -108.00 -96.00 -238.00
 -71.00 -27.00 -140.00
 -113.00 -55.00 -164.00
 -77.00 -31.00 25.00
 -80.00 -45.00 42.00
 -124.00 -35.00 -141.00
 -105.00 -36.00 -166.00
 -116.00 -43.00 -159.00
 -108.00 -96.00 -238.00
 -77.00 -13.00 -137.00
 -118.00 -40.00 -162.00
 -81.00 -16.00 26.00
 -85.00 -33.00 47.00
 -128.00 -23.00 -137.00
 -111.00 -25.00 -161.00
 -121.00 -31.00 -155.00
 -119.00 -44.00 -232.00
 -82.00 -3.00 -135.00
 -122.00 -29.00 -158.00
 -85.00 -5.00 23.00
 -88.00 -20.00 51.00
 -132.00 -9.00 -132.00
 -114.00 -14.00 -158.00
 -124.00 -17.00 -152.00
 -123.00 -31.00 -227.00
 -84.00 10.00 -130.00
 -124.00 -16.00 -155.00
 -87.00 8.00 26.00
 -89.00 -9.00 55.00
 -132.00 1.00 -131.00
 -115.00 -7.00 -155.00
 -123.00 -9.00 -149.00
 -123.00 -31.00 -227.00
 -81.00 17.00 -131.00
 -122.00 -9.00 -155.00
 -84.00 15.00 27.00
 -85.00 -3.00 55.00
 -128.00 6.00 -131.00
 -110.00 -1.00 -155.00
 -118.00 -4.00 -150.00
 -118.00 -18.00 -226.00
 -78.00 22.00 -129.00
 -119.00 -3.00 -155.00
 -81.00 21.00 23.00
 -84.00 1.00 56.00
 -128.00 15.00 -126.00
 -110.00 -1.00 -155.00
 -121.00 6.00 -146.00
 -119.00 -6.00 -222.00
 -81.00 32.00 -124.00
 -121.00 8.00 -149.00
 -85.00 30.00 25.00
 -88.00 11.00 62.00
 -131.00 17.00 -124.00
 -112.00 11.00 -149.00
 -122.00 7.00 -145.00
 -122.00 -7.00 -221.00
 -81.00 27.00 -127.00
 -122.00 3.00 -151.00
 -85.00 24.00 23.00
 -87.00 4.00 59.00
 -131.00 12.00 -126.00
 -112.00 7.00 -151.00
 -122.00 4.00 -145.00
 -122.00 -8.00 -221.00
 -82.00 29.00 -126.00
 -123.00 4.00 -150.00
 -85.00 27.00 24.00
 -87.00 7.00 60.00
 -130.00 15.00 -125.00
 -112.00 9.00 -150.00
 -121.00 7.00 -145.00
 -119.00 -7.00 -221.00
 -77.00 30.00 -127.00
 -118.00 5.00 -152.00
 -80.00 27.00 23.00
 -84.00 7.00 59.00
 -130.00 15.00 -125.00
 -107.00 8.00 -154.00
 -116.00 4.00 -147.00
 -115.00 -9.00 -224.00
 -74.00 28.00 -130.00
 -115.00 4.00 -154.00
 -77.00 25.00 25.00
 -79.00 4.00 56.00
 -123.00 13.00 -130.00
 -101.00 5.00 -157.00
 -111.00 2.00 -151.00
 -112.00 -11.00 -226.00
 -68.00 25.00 -132.00
 -110.00 -1.00 -157.00
 -71.00 22.00 24.00
 -73.00 1.00 53.00
 -116.00 9.00 -133.00
 -97.00 6.00 -159.00
 -107.00 2.00 -154.00
 -106.00 -12.00 -228.00
 -65.00 25.00 -133.00
 -106.00 2.00 -159.00
 -67.00 24.00 25.00
 -69.00 4.00 51.00
 -113.00 12.00 -134.00
 -95.00 6.00 -160.00
 -102.00 3.00 -154.00
 -101.00 -9.00 -229.00
 -65.00 25.00 -133.00
 -101.00 2.00 -160.00
 -62.00 24.00 25.00
 -64.00 5.00 50.00
 -107.00 13.00 -135.00
 -89.00 7.00 -161.00
 -98.00 5.00 -156.00
 -97.00 -10.00 -229.00
 -55.00 27.00 -136.00
 -95.00 2.00 -161.00
 -55.00 24.00 26.00
 -60.00 5.00 49.00
 -100.00 12.00 -137.00
 -81.00 7.00 -164.00
 -89.00 2.00 -158.00
 -89.00 -11.00 -232.00
 -45.00 26.00 -138.00
 -85.00 0.00 -164.00
 -45.00 23.00 22.00
 -49.00 3.00 46.00
 -91.00 11.00 -139.00
 -71.00 6.00 -166.00
 -81.00 1.00 -161.00
 -79.00 -12.00 -234.00
 -37.00 25.00 -141.00
 -77.00 -2.00 -167.00
 -35.00 20.00 23.00
 -40.00 1.00 43.00
 -82.00 9.00 -141.00
 -63.00 4.00 -169.00
 -77.00 -1.00 -162.00
 -72.00 -13.00 -237.00
 -30.00 22.00 -143.00
 -73.00 -3.00 -168.00
 -30.00 18.00 23.00
 -33.00 -1.00 42.00
 -79.00 8.00 -143.00
 -56.00 1.00 -170.00
 -70.00 -3.00 -164.00
 -63.00 -16.00 -239.00
 -21.00 20.00 -144.00
 -65.00 -6.00 -169.00
 -19.00 17.00 23.00
 -23.00 -2.00 41.00
 -69.00 6.00 -145.00
 -45.00 0.00 -172.00
 -60.00 -3.00 -165.00
 -53.00 -15.00 -239.00
 -10.00 23.00 -145.00
 -65.00 -6.00 -169.00
 -12.00 19.00 24.00
 -13.00 -2.00 41.00
 -57.00 9.00 -144.00
 -33.00 4.00 -171.00
 -49.00 -1.00 -165.00
 -45.00 -12.00 -238.00
 4.00 27.00 -144.00
 -40.00 2.00 -168.00
 3.00 23.00 26.00
 3.00 6.00 44.00
 -41.00 15.00 -141.00
 -21.00 8.00 -169.00
 -49.00 -1.00 -165.00
 -29.00 -5.00 -234.00
 21.00 31.00 -142.00
 -25.00 5.00 -165.00
 20.00 28.00 24.00
 18.00 4.00 44.00
 -29.00 15.00 -141.00
 -8.00 7.00 -169.00
 -21.00 3.00 -162.00
 -17.00 -10.00 -235.00
 33.00 25.00 -143.00
 -14.00 0.00 -165.00
 31.00 22.00 24.00
 25.00 0.00 44.00
 -16.00 10.00 -139.00
 -8.00 7.00 -169.00
 -9.00 1.00 -160.00
 -3.00 -10.00 -232.00
 42.00 27.00 -141.00
 -2.00 2.00 -162.00
 43.00 25.00 24.00
 38.00 2.00 48.00
 -7.00 14.00 -136.00
 16.00 7.00 -165.00
 -1.00 4.00 -157.00
 4.00 -9.00 -229.00
 49.00 28.00 -140.00
 0.00 3.00 -162.00
 49.00 25.00 24.00
 38.00 2.00 48.00
 -1.00 13.00 -134.00
 21.00 7.00 -163.00
 5.00 4.00 -156.00
 11.00 -9.00 -227.00
 57.00 28.00 -137.00
 10.00 3.00 -158.00
 60.00 26.00 23.00
 53.00 4.00 55.00
 8.00 14.00 -129.00
 31.00 8.00 -159.00
 14.00 6.00 -151.00
 20.00 -6.00 -223.00
 57.00 28.00 -137.00
 17.00 4.00 -155.00
 67.00 27.00 24.00
 59.00 5.00 58.00
 17.00 14.00 -127.00
 39.00 8.00 -156.00
 22.00 5.00 -149.00
 28.00 -7.00 -219.00
 74.00 30.00 -132.00
 27.00 4.00 -150.00
 73.00 27.00 25.00
 69.00 4.00 62.00
 22.00 15.00 -124.00
 49.00 8.00 -152.00
 30.00 6.00 -144.00
 33.00 -7.00 -216.00
 82.00 29.00 -129.00
 35.00 4.00 -146.00
 82.00 27.00 23.00
 76.00 3.00 66.00
 30.00 14.00 -120.00
 54.00 7.00 -150.00
 36.00 5.00 -140.00
 41.00 -9.00 -213.00
 90.00 27.00 -126.00
 44.00 1.00 -143.00
 82.00 27.00 23.00
 85.00 -1.00 69.00
 36.00 10.00 -117.00
 61.00 4.00 -148.00
 44.00 1.00 -138.00
 41.00 -9.00 -213.00
 97.00 23.00 -124.00
 50.00 -2.00 -140.00
 97.00 19.00 24.00
 89.00 -4.00 70.00
 43.00 6.00 -115.00
 69.00 0.00 -145.00
 51.00 -1.00 -133.00
 55.00 -16.00 -206.00
 104.00 21.00 -121.00
 55.00 -4.00 -137.00
 104.00 17.00 22.00
 96.00 -7.00 75.00
 49.00 4.00 -112.00
 75.00 -5.00 -142.00
 55.00 -8.00 -132.00
 61.00 -21.00 -205.00
 109.00 13.00 -121.00
 60.00 -10.00 -137.00
 110.00 8.00 25.00
 102.00 -15.00 75.00
 56.00 -7.00 -110.00
 81.00 -14.00 -140.00
 62.00 -17.00 -130.00
 68.00 -31.00 -202.00
 116.00 4.00 -117.00
 69.00 -21.00 -134.00
 118.00 0.00 25.00
 110.00 -24.00 79.00
 63.00 -15.00 -107.00
 90.00 -20.00 -137.00
 70.00 -22.00 -125.00
 75.00 -35.00 -197.00
 124.00 3.00 -114.00
 74.00 -22.00 -129.00
 123.00 1.00 25.00
 115.00 -24.00 84.00
 68.00 -12.00 -102.00
 93.00 -17.00 -132.00
 71.00 -19.00 -122.00
 78.00 -31.00 -193.00
 127.00 5.00 -110.00
 78.00 -20.00 -124.00
 127.00 2.00 25.00
 119.00 -24.00 88.00
 71.00 -12.00 -99.00
 96.00 -18.00 -130.00
 74.00 -18.00 -119.00
 80.00 -34.00 -188.00
 133.00 2.00 -107.00
 83.00 -21.00 -120.00
 131.00 0.00 24.00
 124.00 -26.00 94.00
 76.00 -13.00 -93.00
 101.00 -19.00 -125.00
 80.00 -18.00 -111.00
 86.00 -33.00 -185.00
 135.00 6.00 -104.00
 86.00 -18.00 -116.00
 134.00 4.00 26.00
 127.00 -23.00 99.00
 78.00 -11.00 -90.00
 103.00 -16.00 -121.00
 83.00 -15.00 -108.00
 89.00 -31.00 -180.00
 139.00 5.00 -99.00
 90.00 -18.00 -110.00
 134.00 4.00 26.00
 134.00 -23.00 107.00
 84.00 -11.00 -83.00
 103.00 -16.00 -121.00
 83.00 -15.00 -108.00
 95.00 -30.00 -174.00
 144.00 5.00 -94.00
 94.00 -19.00 -104.00
 145.00 4.00 24.00
 136.00 -22.00 111.00
 84.00 -11.00 -83.00
 114.00 -16.00 -107.00
 92.00 -15.00 -94.00
 99.00 -30.00 -167.00
 144.00 5.00 -94.00
 98.00 -18.00 -99.00
 149.00 3.00 22.00
 140.00 -24.00 117.00
 92.00 -12.00 -73.00
 117.00 -18.00 -104.00
 94.00 -17.00 -91.00
 101.00 -32.00 -166.00
 151.00 3.00 -88.00
 100.00 -20.00 -96.00
 151.00 2.00 23.00
 140.00 -24.00 117.00
 93.00 -13.00 -72.00
 119.00 -17.00 -101.00
 96.00 -16.00 -89.00
 102.00 -32.00 -163.00
 153.00 4.00 -84.00
 102.00 -19.00 -93.00
 154.00 1.00 26.00
 143.00 -26.00 122.00
 96.00 -14.00 -69.00
 121.00 -21.00 -99.00
 98.00 -19.00 -87.00
 105.00 -35.00 -160.00
 155.00 0.00 -82.00
 105.00 -24.00 -92.00
 156.00 -2.00 22.00
 146.00 -29.00 124.00
 99.00 -18.00 -66.00
 123.00 -24.00 -97.00
 102.00 -21.00 -84.00
 108.00 -38.00 -158.00
 158.00 -2.00 -80.00
 107.00 -26.00 -90.00
 159.00 -6.00 22.00
 149.00 -32.00 127.00
 101.00 -20.00 -63.00
 126.00 -25.00 -92.00
 103.00 -23.00 -79.00
 109.00 -39.00 -154.00
 161.00 -4.00 -75.00
 111.00 -28.00 -82.00
 161.00 -6.00 25.00
 152.00 -36.00 134.00
 104.00 -23.00 -57.00
 130.00 -29.00 -88.00
 107.00 -27.00 -74.00
 113.00 -42.00 -149.00
 164.00 -8.00 -73.00
 113.00 -31.00 -80.00
 162.00 -12.00 23.00
 154.00 -39.00 135.00
 106.00 -28.00 -55.00
 130.00 -31.00 -88.00
 108.00 -29.00 -72.00
 114.00 -46.00 -148.00
 166.00 -10.00 -71.00
 114.00 -33.00 -78.00
 162.00 -12.00 23.00
 155.00 -40.00 138.00
 108.00 -27.00 -52.00
 132.00 -31.00 -84.00
 109.00 -29.00 -69.00
 115.00 -45.00 -144.00
 167.00 -9.00 -68.00
 116.00 -33.00 -74.00
 166.00 -12.00 23.00
 157.00 -40.00 140.00
 108.00 -26.00 -50.00
 133.00 -32.00 -82.00
 110.00 -28.00 -67.00
 116.00 -44.00 -142.00
 166.00 -7.00 -70.00
 115.00 -29.00 -74.00
 164.00 -8.00 23.00
 154.00 -36.00 139.00
 107.00 -22.00 -50.00
 131.00 -25.00 -83.00
 107.00 -24.00 -70.00
 114.00 -39.00 -146.00
 162.00 -1.00 -71.00
 114.00 -23.00 -77.00
 163.00 -3.00 23.00
 154.00 -36.00 139.00
 107.00 -22.00 -50.00
 130.00 -22.00 -84.00
 107.00 -19.00 -69.00
 114.00 -35.00 -144.00
 164.00 1.00 -69.00
 113.00 -21.00 -73.00
 164.00 1.00 23.00
 154.00 -29.00 141.00
 106.00 -14.00 -49.00
 131.00 -20.00 -79.00
 109.00 -18.00 -65.00
 115.00 -35.00 -138.00
 165.00 3.00 -66.00
 116.00 -23.00 -71.00
 165.00 -5.00 23.00
 155.00 -32.00 143.00
 108.00 -21.00 -48.00
 132.00 -26.00 -82.00
 109.00 -23.00 -66.00
 115.00 -39.00 -142.00
 165.00 -3.00 -69.00
 115.00 -25.00 -72.00
 165.00 0.00 23.00
 155.00 -28.00 144.00
 107.00 -14.00 -47.00
 131.00 -21.00 -78.00
 108.00 -14.00 -62.00
 115.00 -32.00 -139.00
 165.00 6.00 -63.00
 116.00 -15.00 -68.00
 164.00 6.00 25.00
 156.00 -23.00 153.00
 107.00 -9.00 -37.00
 133.00 -13.00 -70.00
 110.00 -11.00 -51.00
 117.00 -28.00 -128.00
 165.00 6.00 -63.00
 118.00 -14.00 -56.00
 169.00 5.00 25.00
 159.00 -24.00 160.00
 111.00 -10.00 -30.00
 136.00 -16.00 -63.00
 113.00 -13.00 -48.00
 119.00 -29.00 -123.00
 170.00 8.00 -51.00
 119.00 -13.00 -53.00
 170.00 8.00 25.00
 158.00 -20.00 163.00
 112.00 -7.00 -29.00
 136.00 -13.00 -60.00
 113.00 -9.00 -45.00
 119.00 -26.00 -120.00
 170.00 11.00 -48.00
 121.00 -10.00 -49.00
 169.00 10.00 26.00
 159.00 -20.00 166.00
 112.00 -6.00 -22.00
 137.00 -12.00 -56.00
 113.00 -9.00 -40.00
 120.00 -26.00 -115.00
 172.00 11.00 -43.00
 122.00 -12.00 -43.00
 172.00 10.00 24.00
 160.00 -20.00 172.00
 114.00 -6.00 -20.00
 138.00 -11.00 -52.00
 114.00 -8.00 -36.00
 121.00 -25.00 -112.00
 172.00 13.00 -42.00
 121.00 -10.00 -41.00
 171.00 11.00 23.00
 160.00 -20.00 172.00
 112.00 -5.00 -18.00
 138.00 -9.00 -48.00
 114.00 -8.00 -36.00
 120.00 -23.00 -108.00
 172.00 14.00 -37.00
 123.00 -7.00 -34.00
 172.00 12.00 25.00
 161.00 -17.00 180.00
 114.00 -4.00 -12.00
 138.00 -8.00 -42.00
 115.00 -4.00 -28.00
 121.00 -22.00 -102.00
 173.00 17.00 -33.00
 122.00 -6.00 -32.00
 172.00 15.00 23.00
 161.00 -15.00 185.00
 114.00 -2.00 -7.00
 139.00 -6.00 -38.00
 114.00 -1.00 -22.00
 120.00 -19.00 -97.00
 172.00 18.00 -29.00
 123.00 -4.00 -27.00
 172.00 18.00 25.00
 161.00 -13.00 191.00
 114.00 0.00 -2.00
 138.00 -4.00 -33.00
 115.00 1.00 -16.00
 121.00 -18.00 -94.00
 172.00 21.00 -23.00
 122.00 0.00 -20.00
 172.00 21.00 23.00
 159.00 -9.00 198.00
 114.00 4.00 6.00
 137.00 -1.00 -26.00
 113.00 6.00 -9.00
 119.00 -12.00 -86.00
 170.00 26.00 -18.00
 120.00 6.00 -14.00
 170.00 27.00 23.00
 157.00 -1.00 202.00
 111.00 11.00 9.00
 135.00 7.00 -23.00
 109.00 12.00 -8.00
 119.00 -12.00 -86.00
 166.00 35.00 -18.00
 118.00 14.00 -14.00
 166.00 35.00 26.00
 154.00 5.00 201.00
 108.00 17.00 7.00
 132.00 14.00 -25.00
 107.00 18.00 -11.00
 113.00 0.00 -87.00
 165.00 38.00 -20.00
 117.00 17.00 -16.00
 165.00 37.00 23.00
 153.00 7.00 199.00
 107.00 19.00 8.00
 131.00 14.00 -25.00
 107.00 19.00 -10.00
 114.00 -1.00 -87.00
 166.00 37.00 -20.00
 116.00 16.00 -19.00
 164.00 37.00 25.00
 153.00 6.00 198.00
 107.00 19.00 4.00
 130.00 14.00 -29.00
 107.00 19.00 -13.00
 112.00 1.00 -91.00
 164.00 38.00 -22.00
 116.00 18.00 -21.00
 164.00 39.00 23.00
 154.00 6.00 195.00
 106.00 19.00 2.00
 131.00 15.00 -29.00
 107.00 20.00 -14.00
 112.00 -1.00 -91.00
 164.00 38.00 -22.00
 116.00 18.00 -21.00
 164.00 38.00 22.00
 152.00 8.00 196.00
 106.00 20.00 2.00
 129.00 17.00 -29.00
 106.00 21.00 -13.00
 112.00 3.00 -90.00
 164.00 40.00 -21.00
 114.00 21.00 -17.00
 163.00 40.00 23.00
 152.00 10.00 200.00
 105.00 22.00 6.00
 130.00 17.00 -25.00
 106.00 22.00 -7.00
 111.00 2.00 -84.00
 163.00 41.00 -16.00
 114.00 20.00 -12.00
 163.00 39.00 24.00
 151.00 9.00 205.00
 105.00 21.00 12.00
 129.00 16.00 -20.00
 105.00 22.00 -3.00
 112.00 2.00 -80.00
 164.00 40.00 -12.00
 115.00 20.00 -7.00
 163.00 39.00 24.00
 152.00 8.00 212.00
 106.00 21.00 17.00
 129.00 16.00 -20.00
 104.00 21.00 4.00
 112.00 2.00 -75.00
 163.00 40.00 -7.00
 115.00 21.00 -1.00
 162.00 40.00 24.00
 152.00 8.00 217.00
 106.00 23.00 22.00
 129.00 17.00 -9.00
 105.00 23.00 6.00
 111.00 2.00 -72.00
 163.00 42.00 -5.00
 114.00 22.00 2.00
 162.00 40.00 24.00
 151.00 9.00 218.00
 105.00 21.00 26.00
 129.00 17.00 -6.00
 104.00 22.00 10.00
 111.00 3.00 -66.00
 161.00 40.00 0.00
 114.00 21.00 8.00
 161.00 40.00 23.00
 149.00 10.00 224.00
 104.00 23.00 30.00
 128.00 18.00 -1.00
 103.00 23.00 13.00
 110.00 3.00 -63.00
 162.00 41.00 4.00
 114.00 23.00 11.00
 161.00 41.00 24.00
 149.00 8.00 228.00
 104.00 21.00 35.00
 128.00 15.00 4.00
 103.00 22.00 19.00
 110.00 2.00 -57.00
 161.00 39.00 9.00
 113.00 20.00 18.00
 160.00 38.00 24.00
 148.00 6.00 236.00
 103.00 21.00 45.00
 127.00 15.00 13.00
 102.00 22.00 29.00
 109.00 1.00 -47.00
 160.00 36.00 17.00
 112.00 19.00 27.00
 159.00 37.00 23.00
 148.00 3.00 245.00
 103.00 15.00 56.00
 126.00 13.00 19.00
 102.00 22.00 29.00
 108.00 -3.00 -36.00
 159.00 33.00 26.00
 112.00 15.00 38.00
 157.00 33.00 23.00
 144.00 0.00 255.00
 101.00 15.00 61.00
 124.00 9.00 29.00
 99.00 18.00 47.00
 105.00 -4.00 -30.00
 157.00 34.00 32.00
 107.00 19.00 47.00
 153.00 37.00 26.00
 141.00 3.00 262.00
 98.00 18.00 70.00
 120.00 13.00 36.00
 94.00 21.00 53.00
 102.00 0.00 -25.00
 152.00 38.00 36.00
 104.00 22.00 53.00
 151.00 38.00 24.00
 137.00 6.00 266.00
 95.00 21.00 73.00
 117.00 16.00 40.00
 92.00 23.00 57.00
 102.00 0.00 -25.00
 149.00 39.00 40.00
 102.00 22.00 56.00
 148.00 40.00 23.00
 134.00 6.00 273.00
 91.00 21.00 80.00
 114.00 16.00 46.00
 88.00 23.00 64.00
 95.00 3.00 -14.00
 145.00 40.00 46.00
 99.00 23.00 62.00
 144.00 40.00 24.00
 132.00 6.00 278.00
 87.00 21.00 87.00
 108.00 16.00 54.00
 84.00 24.00 71.00
 90.00 4.00 -6.00
 140.00 40.00 53.00
 99.00 23.00 62.00
 138.00 42.00 23.00
 125.00 8.00 286.00
 81.00 24.00 96.00
 102.00 18.00 63.00
 76.00 27.00 79.00
 84.00 6.00 3.00
 133.00 42.00 60.00
 86.00 28.00 81.00
 131.00 44.00 23.00
 118.00 9.00 294.00
 74.00 26.00 104.00
 95.00 21.00 71.00
 70.00 30.00 87.00
 77.00 9.00 10.00
 126.00 44.00 66.00
 80.00 31.00 88.00
 122.00 47.00 24.00
 109.00 13.00 302.00
 65.00 30.00 111.00
 88.00 24.00 76.00
 62.00 33.00 94.00
 68.00 11.00 18.00
 118.00 47.00 72.00
 70.00 34.00 96.00
 113.00 49.00 24.00
 100.00 14.00 309.00
 58.00 31.00 118.00
 81.00 25.00 84.00
 54.00 35.00 100.00
 62.00 14.00 22.00
 109.00 48.00 78.00
 63.00 38.00 102.00
 106.00 53.00 23.00
 93.00 17.00 314.00
 53.00 33.00 122.00
 74.00 28.00 87.00
 47.00 38.00 104.00
 55.00 17.00 27.00
 101.00 52.00 82.00
 58.00 40.00 106.00
 101.00 54.00 26.00
 84.00 21.00 319.00
 45.00 38.00 126.00
 66.00 32.00 93.00
 40.00 41.00 107.00
 55.00 17.00 27.00
 93.00 54.00 85.00
 50.00 43.00 110.00
 92.00 58.00 25.00
 78.00 22.00 322.00
 39.00 39.00 131.00
 58.00 33.00 96.00
 34.00 41.00 111.00
 41.00 21.00 34.00
 88.00 56.00 88.00
 50.00 43.00 110.00
 86.00 59.00 23.00
 74.00 24.00 323.00
 32.00 42.00 133.00
 52.00 37.00 98.00
 27.00 47.00 111.00
 34.00 27.00 35.00
 79.00 62.00 89.00
 36.00 51.00 115.00
 78.00 66.00 25.00
 66.00 30.00 324.00
 26.00 48.00 135.00
 45.00 43.00 98.00
 23.00 48.00 112.00
 27.00 30.00 36.00
 76.00 65.00 89.00
 32.00 57.00 112.00
 74.00 71.00 23.00
 66.00 30.00 324.00
 21.00 54.00 132.00
 43.00 46.00 96.00
 20.00 55.00 109.00
 26.00 36.00 33.00
 74.00 69.00 87.00
 31.00 59.00 110.00
 73.00 73.00 23.00
 62.00 37.00 321.00
 21.00 55.00 129.00
 42.00 49.00 94.00
 20.00 56.00 107.00
 27.00 38.00 29.00
 75.00 72.00 85.00
 32.00 62.00 108.00
 74.00 75.00 24.00
 63.00 39.00 318.00
 23.00 57.00 128.00
 44.00 50.00 92.00
 22.00 57.00 104.00
 28.00 37.00 28.00
 75.00 72.00 85.00
 34.00 62.00 107.00
 76.00 75.00 23.00
 64.00 38.00 319.00
 25.00 55.00 128.00
 45.00 49.00 91.00
 22.00 57.00 104.00
 30.00 35.00 30.00
 78.00 69.00 86.00
 35.00 58.00 109.00
 78.00 72.00 26.00
 67.00 36.00 319.00
 27.00 54.00 127.00
 48.00 45.00 92.00
 26.00 53.00 106.00
 33.00 35.00 28.00
 82.00 69.00 84.00
 35.00 58.00 109.00
 82.00 73.00 25.00
 73.00 36.00 316.00
 31.00 52.00 125.00
 54.00 45.00 88.00
 32.00 52.00 102.00
 40.00 33.00 24.00
 90.00 69.00 79.00
 48.00 58.00 100.00
 90.00 72.00 24.00
 78.00 37.00 311.00
 39.00 53.00 119.00
 61.00 45.00 82.00
 38.00 52.00 96.00
 47.00 33.00 18.00
 95.00 71.00 74.00
 52.00 58.00 94.00
 90.00 72.00 24.00
 81.00 39.00 306.00
 43.00 54.00 114.00
 64.00 48.00 77.00
 40.00 55.00 93.00
 50.00 35.00 13.00
 100.00 75.00 69.00
 56.00 60.00 86.00
 98.00 77.00 24.00
 81.00 39.00 306.00
 47.00 56.00 109.00
 68.00 49.00 73.00
 43.00 56.00 88.00
 53.00 35.00 9.00
 102.00 76.00 65.00
 60.00 61.00 83.00
 101.00 78.00 23.00
 89.00 43.00 296.00
 50.00 56.00 104.00
 71.00 50.00 69.00
 45.00 58.00 84.00
 54.00 37.00 6.00
 103.00 77.00 62.00
 60.00 61.00 82.00
 103.00 80.00 22.00
 90.00 45.00 294.00
 52.00 59.00 100.00
 72.00 52.00 66.00
 45.00 60.00 80.00
 56.00 38.00 1.00
 105.00 82.00 58.00
 61.00 64.00 77.00
 104.00 82.00 25.00
 89.00 47.00 290.00
 50.00 60.00 98.00
 72.00 54.00 63.00
 46.00 62.00 76.00
 57.00 40.00 -1.00
 109.00 84.00 51.00
 64.00 66.00 69.00
 108.00 86.00 25.00
 93.00 52.00 279.00
 55.00 66.00 87.00
 75.00 58.00 51.00
 48.00 67.00 65.00
 59.00 44.00 -11.00
 109.00 88.00 44.00
 64.00 72.00 58.00
 108.00 91.00 25.00
 92.00 61.00 269.00
 53.00 74.00 75.00
 72.00 65.00 41.00
 46.00 74.00 53.00
 58.00 53.00 -24.00
 104.00 97.00 35.00
 62.00 81.00 42.00
 105.00 98.00 25.00
 91.00 67.00 257.00
 51.00 85.00 53.00
 72.00 75.00 21.00
 46.00 83.00 31.00
 57.00 60.00 -44.00
 104.00 104.00 17.00
 60.00 87.00 23.00
 103.00 107.00 24.00
 90.00 75.00 239.00
 50.00 86.00 44.00
 71.00 79.00 4.00
 45.00 85.00 15.00
 58.00 64.00 -60.00
 103.00 108.00 2.00
 60.00 90.00 3.00
 103.00 108.00 25.00
 89.00 78.00 221.00
 52.00 90.00 26.00
 71.00 80.00 -9.00
 45.00 85.00 4.00
 57.00 65.00 -75.00
 104.00 108.00 -12.00
 62.00 89.00 -9.00
 105.00 108.00 24.00
 92.00 76.00 202.00
 52.00 90.00 26.00
 74.00 79.00 -23.00
 48.00 82.00 -13.00
 63.00 60.00 -97.00
 109.00 102.00 -30.00
 67.00 81.00 -32.00
 110.00 99.00 23.00
 97.00 70.00 176.00
 59.00 80.00 -15.00
 80.00 70.00 -47.00
 52.00 74.00 -39.00
 68.00 48.00 -124.00
 112.00 91.00 -55.00
 70.00 67.00 -60.00
 115.00 85.00 24.00
 101.00 55.00 147.00
 63.00 64.00 -43.00
 80.00 70.00 -47.00
 57.00 58.00 -67.00
 69.00 37.00 -141.00
 114.00 73.00 -76.00
 72.00 49.00 -87.00
 116.00 66.00 23.00
 102.00 38.00 124.00
 63.00 46.00 -66.00
 83.00 39.00 -97.00
 57.00 58.00 -67.00
 70.00 20.00 -162.00
 113.00 55.00 -93.00
 70.00 29.00 -106.00
 115.00 46.00 23.00
 102.00 19.00 102.00
 63.00 27.00 -86.00
 82.00 21.00 -116.00
 57.00 21.00 -105.00
 70.00 0.00 -181.00
 112.00 33.00 -107.00
 70.00 4.00 -122.00
 115.00 31.00 23.00
 103.00 -6.00 89.00
 64.00 3.00 -98.00
 84.00 -2.00 -128.00
 59.00 -3.00 -117.00
 72.00 -22.00 -191.00
 114.00 11.00 -113.00
 75.00 -17.00 -126.00
 118.00 8.00 24.00
 105.00 -17.00 87.00
 68.00 -13.00 -100.00
 88.00 -20.00 -130.00
 63.00 -17.00 -119.00
 77.00 -37.00 -191.00
 118.00 -4.00 -115.00
 78.00 -27.00 -128.00
 118.00 8.00 24.00
 108.00 -33.00 83.00
 68.00 -28.00 -104.00
 88.00 -32.00 -133.00
 63.00 -31.00 -124.00
 76.00 -50.00 -196.00
 115.00 -14.00 -118.00
 75.00 -39.00 -130.00
 118.00 -18.00 24.00
 104.00 -41.00 79.00
 66.00 -32.00 -107.00
 82.00 -36.00 -139.00
 59.00 -36.00 -127.00
 70.00 -53.00 -202.00
 107.00 -16.00 -123.00
 75.00 -39.00 -130.00
 110.00 -20.00 24.00
 96.00 -43.00 73.00
 59.00 -34.00 -114.00
 77.00 -37.00 -143.00
 52.00 -39.00 -133.00
 63.00 -55.00 -209.00
 102.00 -18.00 -126.00
 60.00 -43.00 -143.00
 104.00 -23.00 24.00
 91.00 -46.00 68.00
 59.00 -34.00 -114.00
 70.00 -40.00 -148.00
 46.00 -39.00 -137.00
 57.00 -54.00 -211.00
 97.00 -19.00 -128.00
 56.00 -43.00 -145.00
 100.00 -21.00 23.00
 88.00 -44.00 66.00
 49.00 -35.00 -122.00
 68.00 -38.00 -149.00
 44.00 -39.00 -138.00
 58.00 -54.00 -214.00
 95.00 -17.00 -129.00
 55.00 -41.00 -146.00
 99.00 -21.00 23.00
 87.00 -43.00 64.00
 48.00 -33.00 -122.00
 67.00 -36.00 -150.00
 41.00 -38.00 -140.00
 55.00 -53.00 -215.00
 95.00 -17.00 -129.00
 50.00 -38.00 -150.00
 93.00 -16.00 23.00
 80.00 -38.00 63.00
 40.00 -27.00 -125.00
 59.00 -32.00 -154.00
 34.00 -31.00 -144.00
 48.00 -47.00 -219.00
 85.00 -8.00 -132.00
 44.00 -35.00 -152.00
 88.00 -14.00 21.00
 74.00 -37.00 57.00
 33.00 -28.00 -130.00
 52.00 -33.00 -157.00
 28.00 -35.00 -148.00
 41.00 -51.00 -223.00
 79.00 -15.00 -134.00
 39.00 -41.00 -156.00
 81.00 -19.00 23.00
 70.00 -40.00 56.00
 28.00 -31.00 -133.00
 46.00 -35.00 -162.00
 24.00 -37.00 -151.00
 36.00 -52.00 -227.00
 74.00 -15.00 -137.00
 32.00 -40.00 -159.00
 81.00 -19.00 23.00
 64.00 -40.00 54.00
 21.00 -31.00 -136.00
 40.00 -36.00 -164.00
 17.00 -39.00 -154.00
 30.00 -53.00 -230.00
 68.00 -17.00 -138.00
 27.00 -42.00 -161.00
 71.00 -21.00 25.00
 60.00 -43.00 51.00
 21.00 -34.00 -136.00
 40.00 -37.00 -164.00
 21.00 -44.00 -154.00
 33.00 -56.00 -229.00
 74.00 -21.00 -139.00
 32.00 -45.00 -159.00
 77.00 -24.00 24.00
 68.00 -46.00 53.00
 25.00 -34.00 -135.00
 46.00 -39.00 -162.00
 27.00 -40.00 -151.00
 38.00 -53.00 -226.00
 75.00 -16.00 -136.00
 33.00 -38.00 -157.00
 78.00 -16.00 23.00
 65.00 -35.00 55.00
 26.00 -27.00 -134.00
 46.00 -39.00 -162.00
 23.00 -31.00 -153.00
 32.00 -42.00 -228.00
 64.00 -6.00 -139.00
 21.00 -30.00 -163.00
 64.00 -9.00 23.00
 52.00 -30.00 50.00
 12.00 -19.00 -138.00
 30.00 -25.00 -166.00
 9.00 -29.00 -156.00
 19.00 -41.00 -232.00
 54.00 -8.00 -140.00
 14.00 -33.00 -166.00
 56.00 -12.00 24.00
 46.00 -36.00 47.00
 6.00 -23.00 -142.00
 24.00 -30.00 -169.00
 6.00 -34.00 -159.00
 15.00 -47.00 -236.00
 49.00 -15.00 -143.00
 9.00 -40.00 -168.00
 51.00 -22.00 24.00
 40.00 -45.00 43.00
 0.00 -32.00 -144.00
 18.00 -40.00 -173.00
 0.00 -45.00 -162.00
 8.00 -57.00 -239.00
 42.00 -25.00 -146.00
 3.00 -50.00 -171.00
 46.00 -30.00 24.00
 36.00 -51.00 41.00
 -7.00 -41.00 -148.00
 11.00 -49.00 -175.00
 0.00 -45.00 -162.00
 2.00 -65.00 -242.00
 39.00 -29.00 -145.00
 -3.00 -56.00 -173.00
 41.00 -33.00 23.00
 31.00 -55.00 40.00
 -10.00 -44.00 -148.00
 7.00 -49.00 -175.00
 -10.00 -54.00 -165.00
 -3.00 -66.00 -243.00
 35.00 -30.00 -147.00
 -6.00 -57.00 -173.00
 41.00 -33.00 23.00
 28.00 -57.00 38.00
 -14.00 -47.00 -151.00
 5.00 -51.00 -175.00
 -11.00 -57.00 -166.00
 -3.00 -69.00 -243.00
 33.00 -33.00 -146.00
 -7.00 -60.00 -173.00
 36.00 -38.00 25.00
 27.00 -61.00 39.00
 -14.00 -49.00 -150.00
 5.00 -54.00 -176.00
 -12.00 -59.00 -165.00
 -3.00 -69.00 -244.00
 33.00 -33.00 -146.00
 -7.00 -59.00 -173.00
 36.00 -39.00 23.00
 26.00 -60.00 38.00
 -15.00 -49.00 -149.00
 4.00 -53.00 -177.00
 -13.00 -59.00 -166.00
 -3.00 -70.00 -245.00
 33.00 -34.00 -147.00
 -7.00 -60.00 -174.00
 35.00 -38.00 23.00
 26.00 -60.00 38.00
 -15.00 -50.00 -151.00
 5.00 -54.00 -177.00
 -14.00 -58.00 -166.00
 -4.00 -70.00 -244.00
 33.00 -34.00 -147.00
 -9.00 -60.00 -174.00
 33.00 -39.00 22.00
 25.00 -60.00 38.00
 -17.00 -49.00 -150.00
 3.00 -53.00 -176.00
 -14.00 -59.00 -166.00
 -6.00 -70.00 -244.00
 33.00 -34.00 -147.00
 -8.00 -60.00 -174.00
 37.00 -39.00 23.00
 27.00 -59.00 38.00
 -14.00 -49.00 -150.00
 5.00 -53.00 -176.00
 -12.00 -59.00 -165.00
 -6.00 -70.00 -244.00
 34.00 -34.00 -147.00
 -7.00 -59.00 -173.00
 36.00 -38.00 25.00
 27.00 -59.00 38.00
 -14.00 -49.00 -150.00
 6.00 -52.00 -176.00
 -12.00 -58.00 -165.00
 -4.00 -68.00 -244.00
 33.00 -32.00 -147.00
 -7.00 -58.00 -174.00
 36.00 -38.00 25.00
 28.00 -59.00 39.00
 -13.00 -49.00 -151.00
 6.00 -52.00 -176.00
 -12.00 -58.00 -166.00
 -2.00 -68.00 -244.00
 35.00 -33.00 -148.00
 -6.00 -58.00 -173.00
 38.00 -36.00 25.00
 27.00 -58.00 38.00
 -13.00 -47.00 -151.00
 6.00 -51.00 -176.00
 -11.00 -56.00 -166.00
 -4.00 -67.00 -243.00
 34.00 -32.00 -147.00
 -7.00 -57.00 -173.00
 38.00 -36.00 25.00
 28.00 -58.00 38.00
 -13.00 -46.00 -150.00
 6.00 -50.00 -176.00
 -11.00 -55.00 -166.00
 -3.00 -66.00 -243.00
 34.00 -30.00 -147.00
 -7.00 -56.00 -173.00
 37.00 -36.00 25.00
 28.00 -56.00 38.00
 -13.00 -45.00 -150.00
 7.00 -50.00 -176.00
 -10.00 -55.00 -165.00
 -2.00 -66.00 -243.00
 35.00 -30.00 -147.00
 -6.00 -56.00 -173.00
 38.00 -35.00 25.00
 28.00 -56.00 38.00
 -12.00 -47.00 -149.00
 7.00 -50.00 -175.00
 -11.00 -56.00 -166.00
 -2.00 -67.00 -244.00
 35.00 -30.00 -147.00
 -5.00 -56.00 -173.00
 38.00 -35.00 25.00
 29.00 -55.00 39.00
 -12.00 -45.00 -149.00
 8.00 -49.00 -176.00
 -10.00 -55.00 -165.00
 -2.00 -66.00 -243.00
 36.00 -30.00 -147.00
 -5.00 -56.00 -173.00
 38.00 -34.00 25.00
 28.00 -57.00 39.00
 -11.00 -45.00 -150.00
 8.00 -50.00 -175.00
 -10.00 -55.00 -165.00
 -2.00 -65.00 -242.00
 35.00 -29.00 -147.00
 -5.00 -56.00 -173.00
 38.00 -34.00 25.00
 29.00 -54.00 38.00
 -12.00 -44.00 -150.00
 8.00 -48.00 -176.00
 -11.00 -54.00 -165.00
 -2.00 -64.00 -243.00
 36.00 -29.00 -147.00
 -5.00 -54.00 -172.00
 38.00 -32.00 24.00
 29.00 -55.00 38.00
 -12.00 -43.00 -149.00
 7.00 -47.00 -175.00
 -9.00 -54.00 -165.00
 -2.00 -64.00 -243.00
 36.00 -29.00 -147.00
 -4.00 -54.00 -173.00
 39.00 -34.00 24.00
 28.00 -55.00 39.00
 -12.00 -43.00 -149.00
 6.00 -48.00 -176.00
 -10.00 -53.00 -166.00
 -1.00 -64.00 -242.00
 36.00 -28.00 -146.00
 -5.00 -52.00 -172.00
 38.00 -33.00 24.00
 30.00 -54.00 38.00
 -11.00 -41.00 -149.00
 8.00 -48.00 -175.00
 -10.00 -53.00 -166.00
 -2.00 -62.00 -242.00
 36.00 -27.00 -146.00
 -5.00 -53.00 -172.00
 39.00 -32.00 24.00
 30.00 -53.00 38.00
 -10.00 -42.00 -149.00
 8.00 -46.00 -175.00
 -9.00 -51.00 -165.00
 0.00 -63.00 -243.00
 37.00 -27.00 -147.00
 -4.00 -54.00 -172.00
 39.00 -32.00 24.00
 30.00 -53.00 39.00
 -11.00 -42.00 -150.00
 8.00 -46.00 -175.00
 -9.00 -53.00 -164.00
 0.00 -62.00 -242.00
 36.00 -27.00 -147.00
 -4.00 -54.00 -172.00
 39.00 -31.00 25.00
 30.00 -53.00 38.00
 -11.00 -42.00 -149.00
 8.00 -46.00 -176.00
 -9.00 -52.00 -165.00
 0.00 -62.00 -242.00
 37.00 -27.00 -146.00
 -3.00 -52.00 -173.00
 39.00 -31.00 24.00
 30.00 -52.00 39.00
 -11.00 -41.00 -149.00
 9.00 -46.00 -176.00
 -9.00 -52.00 -165.00
 0.00 -62.00 -242.00
 37.00 -25.00 -146.00
 -3.00 -52.00 -173.00
 39.00 -30.00 23.00
 30.00 -52.00 40.00
 -10.00 -40.00 -149.00
 8.00 -45.00 -176.00
 -9.00 -51.00 -164.00
 0.00 -62.00 -242.00
 37.00 -25.00 -146.00
 -5.00 -50.00 -172.00
 39.00 -30.00 23.00
 30.00 -51.00 40.00
 -11.00 -39.00 -149.00
 10.00 -45.00 -175.00
 -8.00 -50.00 -166.00
 0.00 -61.00 -242.00
 37.00 -25.00 -146.00
 -4.00 -51.00 -173.00
 39.00 -30.00 25.00
 29.00 -51.00 39.00
 -11.00 -40.00 -148.00
 9.00 -44.00 -175.00
 -9.00 -50.00 -164.00
 0.00 -61.00 -243.00
 37.00 -26.00 -146.00
 -4.00 -51.00 -173.00
 39.00 -29.00 23.00
 30.00 -51.00 38.00
 -11.00 -39.00 -149.00
 9.00 -45.00 -175.00
 -10.00 -50.00 -165.00
 -1.00 -59.00 -243.00
 36.00 -25.00 -147.00
 -5.00 -51.00 -172.00
 40.00 -29.00 23.00
 31.00 -51.00 40.00
 -11.00 -39.00 -150.00
 9.00 -44.00 -175.00
 -10.00 -50.00 -165.00
 -1.00 -61.00 -243.00
 37.00 -25.00 -146.00
 -3.00 -50.00 -173.00
 39.00 -29.00 25.00
 30.00 -51.00 39.00
 -11.00 -39.00 -149.00
 9.00 -44.00 -175.00
 -10.00 -49.00 -165.00
 0.00 -60.00 -242.00
 36.00 -25.00 -146.00
 -4.00 -49.00 -173.00
 39.00 -30.00 23.00
 29.00 -51.00 40.00
 -11.00 -40.00 -149.00
 8.00 -45.00 -175.00
 -10.00 -50.00 -165.00
 -1.00 -60.00 -242.00
 37.00 -25.00 -146.00
 -4.00 -50.00 -172.00
 39.00 -28.00 24.00
 30.00 -51.00 39.00
 -12.00 -39.00 -149.00
 9.00 -44.00 -174.00
 -9.00 -50.00 -165.00
 -1.00 -60.00 -243.00
 37.00 -25.00 -146.00
 -4.00 -49.00 -172.00
 39.00 -29.00 24.00
 30.00 -50.00 39.00
 -10.00 -40.00 -148.00
 9.00 -44.00 -175.00
 -9.00 -50.00 -165.00
 0.00 -60.00 -242.00
 37.00 -25.00 -146.00
 -4.00 -50.00 -173.00
 39.00 -29.00 26.00
 30.00 -50.00 40.00
 -11.00 -39.00 -150.00
 9.00 -44.00 -176.00
 -8.00 -50.00 -165.00
 0.00 -60.00 -242.00
 36.00 -25.00 -147.00
 -5.00 -49.00 -172.00
 39.00 -29.00 22.00
 31.00 -51.00 39.00
 -11.00 -40.00 -149.00
 9.00 -45.00 -176.00
 -9.00 -51.00 -166.00
 -1.00 -60.00 -242.00
 37.00 -25.00 -147.00
 -4.00 -50.00 -172.00
 39.00 -29.00 22.00
 30.00 -51.00 39.00
 -10.00 -40.00 -149.00
 9.00 -45.00 -176.00
 -9.00 -51.00 -165.00
 0.00 -61.00 -243.00
 37.00 -25.00 -147.00
 -4.00 -49.00 -173.00
 39.00 -30.00 22.00
 31.00 -51.00 38.00
 -11.00 -39.00 -148.00
 9.00 -44.00 -175.00
 -8.00 -49.00 -165.00
 1.00 -60.00 -242.00
 38.00 -23.00 -146.00
 -4.00 -48.00 -173.00
 40.00 -28.00 23.00
 31.00 -50.00 40.00
 -10.00 -39.00 -148.00
 10.00 -44.00 -175.00
 -9.00 -48.00 -164.00
 1.00 -60.00 -242.00
 39.00 -25.00 -146.00
 -2.00 -48.00 -172.00
 41.00 -28.00 23.00
 32.00 -50.00 40.00
 -9.00 -38.00 -149.00
 11.00 -43.00 -175.00
 -9.00 -48.00 -164.00
 1.00 -59.00 -242.00
 39.00 -24.00 -147.00
 -2.00 -48.00 -172.00
 41.00 -27.00 24.00
 32.00 -49.00 39.00
 -9.00 -38.00 -148.00
 11.00 -45.00 -174.00
 -8.00 -48.00 -165.00
 1.00 -59.00 -242.00
 38.00 -23.00 -146.00
 -2.00 -48.00 -172.00
 41.00 -27.00 23.00
 32.00 -49.00 39.00
 -10.00 -38.00 -149.00
 10.00 -44.00 -175.00
 -7.00 -49.00 -165.00
 2.00 -58.00 -241.00
 39.00 -24.00 -147.00
 -3.00 -48.00 -172.00
 42.00 -27.00 23.00
 32.00 -49.00 41.00
 -8.00 -38.00 -148.00
 10.00 -43.00 -175.00
 -8.00 -48.00 -164.00
 2.00 -58.00 -241.00
 39.00 -23.00 -146.00
 -2.00 -49.00 -173.00
 41.00 -26.00 24.00
 32.00 -49.00 40.00
 -9.00 -37.00 -149.00
 11.00 -42.00 -174.00
 -7.00 -47.00 -164.00
 1.00 -57.00 -241.00
 39.00 -22.00 -146.00
 -2.00 -48.00 -173.00
 41.00 -26.00 24.00
 31.00 -48.00 41.00
 -9.00 -37.00 -149.00
 10.00 -42.00 -175.00
 -7.00 -47.00 -164.00
 1.00 -58.00 -241.00
 39.00 -22.00 -146.00
 -2.00 -48.00 -173.00
 40.00 -27.00 24.00
 32.00 -49.00 39.00
 -8.00 -37.00 -149.00
 11.00 -42.00 -175.00
 -7.00 -47.00 -164.00
 2.00 -57.00 -241.00
 38.00 -22.00 -146.00
 -1.00 -48.00 -173.00
 41.00 -26.00 22.00
 32.00 -49.00 39.00
 -8.00 -37.00 -148.00
 11.00 -43.00 -175.00
 -7.00 -47.00 -164.00
 1.00 -57.00 -242.00
 38.00 -22.00 -146.00
 -2.00 -47.00 -172.00
 41.00 -26.00 22.00
 33.00 -48.00 40.00
 -9.00 -37.00 -148.00
 11.00 -42.00 -175.00
 -7.00 -47.00 -164.00
 3.00 -56.00 -241.00
 39.00 -21.00 -147.00
 -1.00 -47.00 -173.00
 42.00 -25.00 23.00
 33.00 -48.00 39.00
 -9.00 -36.00 -148.00
 11.00 -42.00 -174.00
 -6.00 -47.00 -164.00
 2.00 -57.00 -242.00
 39.00 -21.00 -146.00
 -2.00 -46.00 -172.00
 42.00 -24.00 24.00
 32.00 -46.00 41.00
 -8.00 -36.00 -148.00
 12.00 -41.00 -175.00
 -6.00 -47.00 -163.00
 2.00 -58.00 -242.00
 40.00 -21.00 -146.00
 -2.00 -46.00 -172.00
 42.00 -25.00 23.00
 32.00 -47.00 40.00
 -8.00 -35.00 -148.00
 11.00 -41.00 -175.00
 -6.00 -47.00 -164.00
 3.00 -57.00 -242.00
 40.00 -21.00 -145.00
 -2.00 -46.00 -172.00
 43.00 -25.00 26.00
 34.00 -48.00 40.00
 -8.00 -36.00 -148.00
 12.00 -41.00 -174.00
 -6.00 -46.00 -164.00
 2.00 -57.00 -241.00
 40.00 -21.00 -146.00
 -1.00 -46.00 -171.00
 42.00 -26.00 24.00
 33.00 -46.00 40.00
 -7.00 -34.00 -147.00
 13.00 -41.00 -173.00
 -6.00 -46.00 -164.00
 3.00 -56.00 -241.00
 40.00 -21.00 -145.00
 -1.00 -46.00 -171.00
 43.00 -25.00 25.00
 33.00 -46.00 42.00
 -8.00 -35.00 -147.00
 12.00 -40.00 -174.00
 -6.00 -46.00 -164.00
 3.00 -56.00 -241.00
 40.00 -20.00 -146.00
 -1.00 -46.00 -171.00
 42.00 -25.00 23.00
 33.00 -46.00 42.00
 -6.00 -34.00 -147.00
 12.00 -41.00 -175.00
 -5.00 -45.00 -164.00
 2.00 -57.00 -241.00
 41.00 -21.00 -146.00
 -1.00 -44.00 -171.00
 43.00 -24.00 23.00
 35.00 -47.00 41.00
 -6.00 -35.00 -147.00
 13.00 -40.00 -174.00
 -5.00 -45.00 -164.00
 3.00 -56.00 -241.00
 42.00 -21.00 -145.00
 1.00 -46.00 -172.00
 44.00 -25.00 23.00
 35.00 -46.00 41.00
 -6.00 -34.00 -148.00
 14.00 -41.00 -173.00
 -4.00 -45.00 -164.00
 4.00 -56.00 -240.00
 41.00 -21.00 -145.00
 0.00 -46.00 -171.00
 44.00 -24.00 23.00
 35.00 -47.00 41.00
 -6.00 -34.00 -148.00
 14.00 -40.00 -173.00
 -4.00 -46.00 -163.00
 4.00 -56.00 -241.00
 42.00 -20.00 -145.00
 0.00 -45.00 -172.00
 44.00 -24.00 25.00
 35.00 -46.00 41.00
 -6.00 -34.00 -147.00
 13.00 -41.00 -175.00
 -4.00 -46.00 -163.00
 4.00 -55.00 -240.00
 42.00 -19.00 -145.00
 2.00 -46.00 -170.00
 45.00 -24.00 23.00
 35.00 -46.00 41.00
 -6.00 -35.00 -147.00
 15.00 -41.00 -174.00
 -4.00 -45.00 -164.00
 4.00 -56.00 -240.00
 43.00 -21.00 -146.00
 1.00 -46.00 -171.00
 45.00 -25.00 25.00
 36.00 -47.00 40.00
 -5.00 -35.00 -146.00
 14.00 -41.00 -174.00
 -3.00 -46.00 -163.00
 5.00 -56.00 -241.00
 42.00 -21.00 -146.00
 2.00 -46.00 -172.00
 43.00 -25.00 25.00
 35.00 -47.00 40.00
 -5.00 -35.00 -148.00
 13.00 -41.00 -173.00
 -4.00 -45.00 -164.00
 4.00 -56.00 -240.00
 43.00 -20.00 -146.00
 1.00 -45.00 -171.00
 45.00 -25.00 14.00
 34.00 -46.00 41.00
 -5.00 -35.00 -147.00
 13.00 -40.00 -173.00
 -5.00 -45.00 -163.00
 5.00 -56.00 -241.00
 42.00 -20.00 -146.00
 1.00 -45.00 -172.00
 45.00 -25.00 23.00
 35.00 -46.00 40.00
 -6.00 -34.00 -147.00
 13.00 -40.00 -173.00
 -4.00 -45.00 -163.00
 5.00 -56.00 -240.00
 41.00 -20.00 -146.00
 0.00 -45.00 -171.00
 44.00 -23.00 24.00
 36.00 -45.00 42.00
 -6.00 -34.00 -148.00
 13.00 -39.00 -174.00
 -4.00 -45.00 -164.00
 5.00 -55.00 -241.00
 42.00 -21.00 -146.00
 1.00 -46.00 -171.00
 44.00 -24.00 24.00
 35.00 -46.00 41.00
 -5.00 -35.00 -148.00
 14.00 -40.00 -174.00
 -4.00 -45.00 -163.00
 5.00 -56.00 -240.00
 42.00 -20.00 -145.00
 1.00 -45.00 -172.00
 44.00 -23.00 24.00
 34.00 -46.00 41.00
 -6.00 -35.00 -149.00
 13.00 -40.00 -174.00
 -3.00 -45.00 -164.00
 4.00 -55.00 -241.00
 41.00 -20.00 -145.00
 1.00 -45.00 -171.00
 44.00 -24.00 22.00
 34.00 -45.00 41.00
 -6.00 -35.00 -147.00
 14.00 -38.00 -173.00
 -4.00 -44.00 -163.00
 3.00 -54.00 -241.00
 42.00 -20.00 -145.00
 2.00 -46.00 -171.00
 45.00 -24.00 24.00
 35.00 -46.00 41.00
 -6.00 -35.00 -147.00
 14.00 -39.00 -175.00
 -4.00 -46.00 -164.00
 6.00 -55.00 -241.00
 42.00 -19.00 -146.00
 1.00 -46.00 -171.00
 44.00 -23.00 24.00
 35.00 -46.00 41.00
 -5.00 -35.00 -147.00
 14.00 -39.00 -173.00
 -4.00 -45.00 -164.00
 4.00 -55.00 -241.00
 42.00 -20.00 -145.00
 0.00 -44.00 -171.00
 45.00 -24.00 24.00
 35.00 -46.00 41.00
 -6.00 -35.00 -147.00
 13.00 -39.00 -174.00
 -4.00 -46.00 -162.00
 3.00 -55.00 -241.00
 41.00 -19.00 -146.00
 0.00 -45.00 -171.00
 43.00 -23.00 24.00
 35.00 -46.00 41.00
 -6.00 -34.00 -148.00
 13.00 -39.00 -174.00
 -5.00 -44.00 -163.00
 3.00 -54.00 -241.00
 41.00 -19.00 -145.00
 0.00 -44.00 -171.00
 43.00 -23.00 25.00
 35.00 -46.00 41.00
 -7.00 -35.00 -147.00
 13.00 -40.00 -174.00
 -3.00 -45.00 -163.00
 4.00 -55.00 -240.00
 42.00 -20.00 -145.00
 0.00 -44.00 -171.00
 44.00 -24.00 22.00
 36.00 -46.00 41.00
 -5.00 -33.00 -148.00
 14.00 -40.00 -174.00
 -4.00 -45.00 -164.00
 5.00 -55.00 -241.00
 42.00 -20.00 -145.00
 1.00 -45.00 -170.00
 45.00 -23.00 24.00
 36.00 -46.00 41.00
 -5.00 -34.00 -148.00
 14.00 -39.00 -174.00
 -3.00 -45.00 -162.00
 4.00 -55.00 -241.00
 42.00 -19.00 -145.00
 2.00 -44.00 -171.00
 44.00 -23.00 22.00
 36.00 -45.00 41.00
 -5.00 -34.00 -148.00
 14.00 -38.00 -174.00
 -3.00 -44.00 -163.00
 5.00 -55.00 -240.00
 43.00 -20.00 -146.00
 2.00 -43.00 -170.00
 45.00 -23.00 24.00
 37.00 -46.00 41.00
 -5.00 -34.00 -147.00
 15.00 -40.00 -173.00
 -3.00 -44.00 -163.00
 6.00 -56.00 -239.00
 42.00 -20.00 -146.00
 3.00 -45.00 -171.00
 45.00 -23.00 23.00
 37.00 -46.00 41.00
 -5.00 -34.00 -146.00
 14.00 -39.00 -174.00
 -3.00 -43.00 -163.00
 6.00 -54.00 -241.00
 43.00 -20.00 -145.00
 3.00 -45.00 -170.00
 46.00 -24.00 26.00
 37.00 -46.00 41.00
 -4.00 -35.00 -147.00
 15.00 -38.00 -173.00
 -3.00 -45.00 -164.00
 6.00 -54.00 -240.00
 44.00 -20.00 -146.00
 4.00 -44.00 -170.00
 46.00 -24.00 22.00
 36.00 -46.00 41.00
 -4.00 -34.00 -147.00
 16.00 -39.00 -173.00
 -2.00 -45.00 -163.00
 6.00 -55.00 -240.00
 42.00 -21.00 -145.00
 4.00 -44.00 -170.00
 45.00 -24.00 23.00
 36.00 -47.00 42.00
 -4.00 -35.00 -147.00
 15.00 -40.00 -173.00
 -3.00 -45.00 -164.00
 5.00 -54.00 -241.00
 43.00 -20.00 -145.00
 2.00 -44.00 -170.00
 45.00 -23.00 24.00
 36.00 -46.00 42.00
 -5.00 -34.00 -147.00
 15.00 -39.00 -173.00
 -4.00 -45.00 -163.00
 5.00 -54.00 -240.00
 42.00 -20.00 -145.00
 1.00 -44.00 -171.00
 45.00 -23.00 24.00
 36.00 -46.00 41.00
 -5.00 -34.00 -146.00
 15.00 -40.00 -174.00
 -3.00 -45.00 -163.00
 6.00 -55.00 -240.00
 44.00 -20.00 -145.00
 3.00 -45.00 -170.00
 45.00 -23.00 24.00
 36.00 -45.00 41.00
 -4.00 -34.00 -147.00
 15.00 -39.00 -173.00
 -3.00 -45.00 -163.00
 6.00 -55.00 -241.00
 44.00 -20.00 -145.00
 2.00 -44.00 -171.00
 45.00 -24.00 24.00
 36.00 -48.00 40.00
 -5.00 -35.00 -147.00
 16.00 -40.00 -172.00
 -3.00 -45.00 -163.00
 6.00 -55.00 -241.00
 43.00 -19.00 -145.00
 2.00 -45.00 -171.00
 46.00 -23.00 23.00
 36.00 -46.00 41.00
 -4.00 -33.00 -147.00
 15.00 -39.00 -173.00
 -2.00 -44.00 -163.00
 5.00 -55.00 -240.00
 44.00 -20.00 -146.00
 3.00 -45.00 -171.00
 46.00 -24.00 23.00
 37.00 -46.00 43.00
 -5.00 -33.00 -147.00
 14.00 -38.00 -173.00
 -3.00 -44.00 -163.00
 6.00 -54.00 -240.00
 43.00 -19.00 -145.00
 2.00 -46.00 -171.00
 45.00 -23.00 24.00
 36.00 -46.00 42.00
 -4.00 -33.00 -146.00
 16.00 -39.00 -173.00
 -2.00 -44.00 -162.00
 6.00 -55.00 -240.00
 43.00 -19.00 -145.00
 2.00 -43.00 -171.00
 45.00 -23.00 25.00
 36.00 -46.00 42.00
 -4.00 -33.00 -148.00
 15.00 -39.00 -173.00
 -3.00 -44.00 -163.00
 7.00 -54.00 -240.00
 44.00 -19.00 -145.00
 3.00 -44.00 -170.00
 47.00 -22.00 25.00
 36.00 -45.00 41.00
 -3.00 -33.00 -146.00
 16.00 -40.00 -174.00
 -3.00 -45.00 -163.00
 6.00 -54.00 -239.00
 44.00 -19.00 -145.00
 2.00 -43.00 -170.00
 46.00 -22.00 24.00
 37.00 -45.00 41.00
 -3.00 -33.00 -146.00
 15.00 -38.00 -173.00
 -2.00 -44.00 -163.00
 7.00 -54.00 -240.00
 43.00 -19.00 -145.00
 3.00 -44.00 -171.00
 46.00 -23.00 23.00
 37.00 -46.00 42.00
 -4.00 -34.00 -147.00
 16.00 -38.00 -173.00
 -2.00 -44.00 -163.00
 7.00 -55.00 -239.00
 44.00 -19.00 -145.00
 2.00 -44.00 -170.00
 47.00 -23.00 24.00
 37.00 -45.00 42.00
 -4.00 -33.00 -147.00
 15.00 -38.00 -173.00
 -3.00 -44.00 -163.00
 6.00 -54.00 -240.00
 43.00 -19.00 -144.00
 4.00 -45.00 -170.00
 46.00 -23.00 24.00
 37.00 -45.00 42.00
 -5.00 -33.00 -147.00
 16.00 -39.00 -173.00
 -2.00 -44.00 -162.00
 6.00 -55.00 -240.00
 44.00 -20.00 -146.00
 3.00 -44.00 -171.00
 47.00 -24.00 23.00
 38.00 -46.00 41.00
 -3.00 -34.00 -147.00
 15.00 -38.00 -173.00
 -2.00 -44.00 -163.00
 6.00 -55.00 -239.00
 43.00 -19.00 -145.00
 3.00 -44.00 -171.00
 47.00 -23.00 24.00
 37.00 -45.00 42.00
 -4.00 -34.00 -147.00
 15.00 -39.00 -173.00
 -2.00 -44.00 -163.00
 6.00 -55.00 -240.00
 44.00 -19.00 -146.00
 2.00 -43.00 -170.00
 47.00 -22.00 23.00
 37.00 -45.00 42.00
 -4.00 -33.00 -147.00
 16.00 -38.00 -173.00
 -2.00 -43.00 -163.00
 6.00 -55.00 -239.00
 44.00 -19.00 -145.00
 3.00 -44.00 -171.00
 46.00 -23.00 20.00
 36.00 -45.00 42.00
 -4.00 -33.00 -146.00
 16.00 -39.00 -174.00
 -2.00 -44.00 -163.00
 6.00 -54.00 -240.00
 43.00 -19.00 -145.00
 2.00 -44.00 -170.00
 46.00 -24.00 22.00
 36.00 -45.00 42.00
 -3.00 -33.00 -147.00
 15.00 -39.00 -173.00
 -2.00 -44.00 -162.00
 6.00 -55.00 -240.00
 43.00 -20.00 -145.00
 2.00 -44.00 -170.00
 46.00 -22.00 23.00
 36.00 -44.00 43.00
 -3.00 -33.00 -147.00
 15.00 -39.00 -174.00
 -2.00 -45.00 -163.00
 6.00 -55.00 -239.00
 43.00 -19.00 -145.00
 1.00 -43.00 -171.00
 46.00 -23.00 24.00
 36.00 -45.00 41.00
 -4.00 -34.00 -148.00
 15.00 -39.00 -173.00
 -3.00 -44.00 -163.00
 5.00 -54.00 -240.00
 43.00 -19.00 -145.00
 2.00 -45.00 -171.00
 46.00 -23.00 24.00
 36.00 -45.00 41.00
 -4.00 -35.00 -146.00
 15.00 -39.00 -174.00
 -3.00 -44.00 -162.00
 5.00 -54.00 -240.00
 43.00 -19.00 -145.00
 3.00 -45.00 -171.00
 45.00 -23.00 23.00
 37.00 -45.00 42.00
 -4.00 -34.00 -147.00
 15.00 -39.00 -173.00
 -3.00 -45.00 -162.00
 6.00 -55.00 -240.00
 42.00 -19.00 -146.00
 2.00 -45.00 -171.00
 46.00 -22.00 24.00
 37.00 -46.00 42.00
 -5.00 -34.00 -147.00
 15.00 -39.00 -173.00
 -3.00 -44.00 -162.00
 6.00 -55.00 -240.00
 44.00 -19.00 -145.00
 2.00 -44.00 -171.00
 45.00 -23.00 24.00
 37.00 -45.00 42.00
 -4.00 -34.00 -146.00
 15.00 -39.00 -174.00
 -2.00 -44.00 -163.00
 6.00 -54.00 -240.00
 43.00 -19.00 -146.00
 2.00 -44.00 -171.00
 46.00 -24.00 24.00
 37.00 -45.00 42.00
 -4.00 -34.00 -147.00
 15.00 -40.00 -173.00
 -3.00 -44.00 -163.00
 7.00 -55.00 -240.00
 43.00 -19.00 -145.00
 3.00 -45.00 -172.00
 45.00 -23.00 25.00
 36.00 -46.00 41.00
 -4.00 -33.00 -147.00
 16.00 -39.00 -173.00
 -2.00 -45.00 -162.00
 6.00 -54.00 -239.00
 44.00 -19.00 -146.00
 3.00 -44.00 -171.00
 46.00 -23.00 23.00
 37.00 -45.00 41.00
 -5.00 -33.00 -147.00
 15.00 -39.00 -173.00
 -3.00 -45.00 -163.00
 5.00 -55.00 -240.00
 43.00 -19.00 -145.00
 2.00 -45.00 -171.00
 45.00 -23.00 25.00
 37.00 -45.00 41.00
 -4.00 -35.00 -147.00
 15.00 -40.00 -173.00
 -2.00 -45.00 -163.00
 6.00 -55.00 -240.00
 43.00 -19.00 -145.00
 3.00 -44.00 -171.00
 45.00 -24.00 23.00
 36.00 -45.00 42.00
 -4.00 -34.00 -147.00
 16.00 -40.00 -173.00
 -3.00 -44.00 -163.00
 6.00 -55.00 -240.00
 43.00 -20.00 -145.00
 2.00 -44.00 -171.00
 45.00 -22.00 22.00
 36.00 -46.00 42.00
 -4.00 -33.00 -147.00
 15.00 -40.00 -173.00
 -3.00 -43.00 -163.00
 5.00 -55.00 -240.00
 43.00 -20.00 -145.00
 3.00 -45.00 -171.00
 45.00 -24.00 24.00
 36.00 -44.00 42.00
 -5.00 -33.00 -147.00
 15.00 -40.00 -173.00
 -3.00 -45.00 -164.00
 6.00 -55.00 -240.00
 42.00 -20.00 -146.00
 2.00 -44.00 -171.00
 46.00 -23.00 25.00
 36.00 -45.00 41.00
 -5.00 -34.00 -147.00
 15.00 -40.00 -173.00
 -3.00 -44.00 -164.00
 5.00 -55.00 -240.00
 43.00 -20.00 -146.00
 2.00 -44.00 -171.00
 45.00 -23.00 25.00
 36.00 -45.00 41.00
 -5.00 -33.00 -147.00
 15.00 -39.00 -173.00
 -4.00 -44.00 -163.00
 5.00 -54.00 -240.00
 43.00 -19.00 -144.00
 1.00 -44.00 -171.00
 45.00 -22.00 26.00
 37.00 -45.00 41.00
 -6.00 -33.00 -147.00
 15.00 -39.00 -173.00
 -4.00 -44.00 -163.00
 6.00 -55.00 -241.00
 43.00 -20.00 -144.00
 2.00 -43.00 -171.00
 46.00 -23.00 23.00
 36.00 -45.00 41.00
 -4.00 -34.00 -147.00
 15.00 -39.00 -174.00
 -3.00 -45.00 -163.00
 7.00 -55.00 -240.00
 42.00 -19.00 -145.00
 3.00 -43.00 -170.00
 45.00 -23.00 24.00
 36.00 -46.00 41.00
 -5.00 -32.00 -147.00
 16.00 -39.00 -174.00
 -3.00 -45.00 -163.00
 5.00 -55.00 -240.00
 42.00 -19.00 -144.00
 2.00 -43.00 -171.00
 45.00 -23.00 24.00
 36.00 -45.00 42.00
 -5.00 -33.00 -148.00
 15.00 -39.00 -173.00
 -3.00 -43.00 -162.00
 5.00 -54.00 -242.00
 42.00 -19.00 -145.00
 2.00 -44.00 -171.00
 46.00 -23.00 24.00
 35.00 -44.00 41.00
 -5.00 -33.00 -146.00
 15.00 -38.00 -173.00
 -3.00 -43.00 -163.00
 5.00 -54.00 -242.00
 43.00 -18.00 -145.00
 2.00 -44.00 -171.00
 45.00 -23.00 23.00
 36.00 -44.00 41.00
 -5.00 -32.00 -146.00
 15.00 -38.00 -172.00
 -3.00 -44.00 -163.00
 6.00 -54.00 -240.00
 42.00 -18.00 -145.00
 3.00 -44.00 -171.00
 45.00 -22.00 25.00
 37.00 -44.00 42.00
 -5.00 -33.00 -146.00
 15.00 -39.00 -173.00
 -3.00 -43.00 -163.00
 6.00 -53.00 -240.00
 43.00 -18.00 -145.00
 3.00 -43.00 -171.00
 46.00 -21.00 22.00
 36.00 -44.00 42.00
 -5.00 -33.00 -147.00
 15.00 -39.00 -174.00
 -3.00 -44.00 -164.00
 6.00 -55.00 -240.00
 43.00 -18.00 -145.00
 3.00 -43.00 -171.00
 46.00 -22.00 25.00
 36.00 -44.00 41.00
 -5.00 -33.00 -147.00
 15.00 -38.00 -174.00
 -3.00 -45.00 -162.00
 6.00 -54.00 -240.00
 43.00 -19.00 -145.00
 1.00 -44.00 -171.00
 46.00 -22.00 23.00
 36.00 -44.00 42.00
 -4.00 -33.00 -147.00
 16.00 -39.00 -172.00
 -2.00 -44.00 -163.00
 5.00 -53.00 -239.00
 43.00 -19.00 -145.00
 3.00 -45.00 -171.00
 47.00 -22.00 25.00
 37.00 -45.00 42.00
 -5.00 -33.00 -147.00
 14.00 -39.00 -173.00
 -2.00 -43.00 -162.00
 7.00 -55.00 -241.00
 43.00 -18.00 -145.00
 2.00 -45.00 -171.00
 46.00 -22.00 23.00
 36.00 -44.00 42.00
 -4.00 -33.00 -147.00
 15.00 -38.00 -173.00
 -2.00 -43.00 -163.00
 6.00 -53.00 -239.00
 44.00 -19.00 -144.00
 3.00 -43.00 -170.00
 46.00 -21.00 24.00
 37.00 -44.00 42.00
 -4.00 -32.00 -146.00
 15.00 -38.00 -172.00
 -2.00 -43.00 -162.00
 7.00 -54.00 -239.00
 43.00 -18.00 -144.00
 3.00 -44.00 -171.00
 46.00 -22.00 24.00
 37.00 -44.00 42.00
 -4.00 -32.00 -147.00
 16.00 -38.00 -173.00
 -2.00 -43.00 -163.00
 7.00 -54.00 -241.00
 45.00 -19.00 -145.00
 3.00 -43.00 -170.00
 46.00 -22.00 25.00
 37.00 -44.00 42.00
 -4.00 -33.00 -146.00
 16.00 -39.00 -173.00
 -3.00 -43.00 -164.00
 5.00 -54.00 -240.00
 45.00 -19.00 -145.00
 1.00 -43.00 -172.00
 45.00 -22.00 24.00
 36.00 -44.00 42.00
 -5.00 -33.00 -147.00
 14.00 -37.00 -173.00
 -3.00 -43.00 -163.00
 5.00 -54.00 -240.00
 42.00 -18.00 -145.00
 1.00 -43.00 -172.00
 45.00 -21.00 24.00
 37.00 -43.00 43.00
 -5.00 -33.00 -147.00
 15.00 -37.00 -173.00
 -2.00 -44.00 -163.00
 7.00 -52.00 -240.00
 43.00 -18.00 -144.00
 3.00 -42.00 -170.00
 47.00 -21.00 24.00
 37.00 -43.00 42.00
 -3.00 -31.00 -146.00
 16.00 -37.00 -173.00
 -1.00 -42.00 -162.00
 8.00 -52.00 -238.00
 44.00 -17.00 -144.00
 6.00 -42.00 -170.00
 47.00 -20.00 22.00
 40.00 -42.00 43.00
 -1.00 -31.00 -145.00
 18.00 -38.00 -172.00
 -1.00 -42.00 -162.00
 9.00 -53.00 -239.00
 46.00 -17.00 -144.00
 5.00 -42.00 -169.00
 48.00 -21.00 24.00
 39.00 -43.00 43.00
 -1.00 -32.00 -146.00
 19.00 -37.00 -172.00
 0.00 -42.00 -163.00
 8.00 -53.00 -238.00
 46.00 -18.00 -143.00
 6.00 -41.00 -169.00
 48.00 -21.00 24.00
 40.00 -43.00 43.00
 -1.00 -32.00 -145.00
 18.00 -37.00 -172.00
 -1.00 -42.00 -162.00
 9.00 -53.00 -239.00
 46.00 -18.00 -144.00
 5.00 -42.00 -169.00
 49.00 -20.00 23.00
 40.00 -44.00 43.00
 -1.00 -32.00 -146.00
 19.00 -38.00 -172.00
 0.00 -42.00 -162.00
 9.00 -53.00 -239.00
 46.00 -18.00 -143.00
 6.00 -41.00 -171.00
 49.00 -21.00 24.00
 39.00 -43.00 43.00
 0.00 -31.00 -145.00
 19.00 -37.00 -172.00
 1.00 -43.00 -162.00
 10.00 -53.00 -239.00
 47.00 -17.00 -144.00
 6.00 -41.00 -171.00
 49.00 -21.00 25.00
 39.00 -43.00 43.00
 -1.00 -31.00 -146.00
 19.00 -37.00 -171.00
 0.00 -43.00 -162.00
 9.00 -53.00 -238.00
 46.00 -19.00 -145.00
 5.00 -42.00 -169.00
 50.00 -20.00 24.00
 39.00 -44.00 44.00
 -1.00 -32.00 -145.00
 18.00 -37.00 -173.00
 0.00 -43.00 -162.00
 10.00 -53.00 -239.00
 46.00 -19.00 -144.00
 6.00 -44.00 -169.00
 49.00 -22.00 26.00
 40.00 -45.00 43.00
 -1.00 -33.00 -145.00
 17.00 -39.00 -172.00
 0.00 -43.00 -162.00
 9.00 -55.00 -239.00
 45.00 -18.00 -144.00
 6.00 -44.00 -170.00
 49.00 -23.00 24.00
 39.00 -45.00 43.00
 -1.00 -33.00 -145.00
 19.00 -40.00 -172.00
 1.00 -46.00 -162.00
 10.00 -56.00 -238.00
 47.00 -21.00 -144.00
 7.00 -47.00 -169.00
 50.00 -24.00 23.00
 40.00 -47.00 43.00
 0.00 -36.00 -145.00
 20.00 -42.00 -173.00
 0.00 -45.00 -161.00
 11.00 -57.00 -238.00
 48.00 -21.00 -145.00
 7.00 -47.00 -169.00
 50.00 -26.00 25.00
 41.00 -47.00 43.00
 0.00 -36.00 -145.00
 21.00 -41.00 -172.00
 2.00 -46.00 -161.00
 11.00 -58.00 -239.00
 48.00 -21.00 -145.00
 9.00 -47.00 -169.00
 50.00 -26.00 25.00
 43.00 -49.00 43.00
 2.00 -37.00 -145.00
 22.00 -43.00 -172.00
 4.00 -47.00 -161.00
 12.00 -59.00 -239.00
 50.00 -23.00 -144.00
 9.00 -47.00 -169.00
 53.00 -26.00 23.00
 42.00 -47.00 43.00
 2.00 -36.00 -145.00
 22.00 -41.00 -171.00
 2.00 -46.00 -162.00
 12.00 -58.00 -239.00
 50.00 -20.00 -143.00
 9.00 -47.00 -169.00
 53.00 -25.00 23.00
 43.00 -48.00 44.00
 2.00 -36.00 -144.00
 22.00 -41.00 -171.00
 4.00 -46.00 -161.00
 13.00 -58.00 -239.00
 50.00 -20.00 -143.00
 10.00 -47.00 -169.00
 53.00 -25.00 24.00
 43.00 -46.00 44.00
 2.00 -35.00 -144.00
 21.00 -41.00 -171.00
 3.00 -46.00 -161.00
 13.00 -57.00 -237.00
 50.00 -20.00 -143.00
 9.00 -45.00 -169.00
 53.00 -24.00 23.00
 43.00 -46.00 44.00
 2.00 -33.00 -145.00
 22.00 -39.00 -172.00
 4.00 -44.00 -161.00
 13.00 -55.00 -238.00
 49.00 -18.00 -144.00
 10.00 -44.00 -168.00
 53.00 -23.00 24.00
 43.00 -43.00 44.00
 3.00 -33.00 -144.00
 23.00 -39.00 -171.00
 4.00 -44.00 -161.00
 14.00 -55.00 -238.00
 51.00 -20.00 -143.00
 10.00 -44.00 -168.00
 54.00 -22.00 23.00
 43.00 -45.00 45.00
 4.00 -33.00 -144.00
 22.00 -38.00 -170.00
 5.00 -42.00 -161.00
 14.00 -54.00 -237.00
 51.00 -18.00 -143.00
 10.00 -43.00 -168.00
 54.00 -21.00 25.00
 43.00 -44.00 45.00
 4.00 -33.00 -144.00
 23.00 -38.00 -170.00
 5.00 -42.00 -160.00
 14.00 -54.00 -238.00
 51.00 -16.00 -142.00
 10.00 -43.00 -167.00
 53.00 -20.00 23.00
 44.00 -42.00 44.00
 3.00 -31.00 -143.00
 22.00 -36.00 -171.00
 5.00 -42.00 -160.00
 12.00 -54.00 -237.00