-226.20  -34.80  -348.00
-330.60  -91.35  -400.20
-230.55  -8.70  -78.30
-243.60  -26.10  -404.55
-361.05  -34.80  -356.70
-278.40  -56.55  -435.00
-308.85  -78.30  -417.60
-430.65  -91.35  -648.15
-430.65  -91.35  -648.15
-430.65  -91.35  -648.15
-430.65  -91.35  -648.15
-430.65  -91.35  -648.15
-435.00  -91.35  -648.15
-435.00  -91.35  -648.15
-430.65  -91.35  -648.15
-430.65  -91.35  -648.15
-430.65  -91.35  -648.15
-430.65  -91.35  -648.15
-226.20  -34.80  -352.35
-330.60  -87.00  -400.20
-230.55  -4.35  -78.30
-239.25  -26.10  -404.55
-365.40  -39.15  -356.70
-274.05  -56.55  -430.65
-308.85  -82.65  -417.60
-430.65  -95.70  -648.15
-430.65  -95.70  -648.15
-430.65  -95.70  -648.15
-430.65  -95.70  -648.15
-426.30  -91.35  -652.50
-426.30  -91.35  -652.50
-430.65  -91.35  -652.50
-430.65  -91.35  -652.50
-430.65  -91.35  -652.50
-430.65  -91.35  -648.15
-430.65  -91.35  -648.15
-226.20  -34.80  -348.00
-330.60  -91.35  -404.55
-230.55  -4.35  -78.30
-243.60  -30.45  -400.20
-361.05  -39.15  -356.70
-278.40  -56.55  -435.00
-308.85  -78.30  -417.60
-426.30  -95.70  -648.15
-430.65  -91.35  -648.15
-430.65  -91.35  -648.15
-430.65  -95.70  -652.50
-430.65  -95.70  -652.50
-430.65  -95.70  -652.50
-430.65  -95.70  -648.15
-430.65  -95.70  -648.15
-430.65  -95.70  -648.15
-430.65  -95.70  -648.15
-430.65  -95.70  -648.15
-226.20  -34.80  -348.00
-334.95  -87.00  -400.20
-230.55  -8.70  -73.95
-243.60  -26.10  -404.55
-365.40  -39.15  -356.70
-278.40  -56.55  -435.00
-308.85  -78.30  -421.95
-430.65  -95.70  -648.15
-430.65  -95.70  -648.15
-430.65  -95.70  -648.15
-430.65  -95.70  -648.15
-430.65  -95.70  -648.15
-430.65  -95.70  -648.15
-430.65  -95.70  -648.15
-430.65  -95.70  -648.15
-430.65  -95.70  -648.15
-430.65  -95.70  -648.15
-430.65  -95.70  -648.15
-226.20  -34.80  -348.00
-334.95  -95.70  -400.20
-230.55  -8.70  -78.30
-239.25  -30.45  -400.20
-361.05  -39.15  -356.70
-278.40  -60.90  -435.00
-308.85  -78.30  -421.95
-430.65  -91.35  -648.15
-430.65  -91.35  -648.15
-430.65  -91.35  -648.15
-430.65  -91.35  -648.15
-430.65  -95.70  -648.15
-430.65  -95.70  -648.15
-430.65  -95.70  -648.15
-426.30  -95.70  -648.15
-426.30  -95.70  -648.15
-426.30  -95.70  -648.15
-426.30  -95.70  -648.15
-226.20  -34.80  -348.00
-326.25  -87.00  -404.55
-230.55  -8.70  -78.30
-239.25  -26.10  -400.20
-361.05  -39.15  -356.70
-278.40  -60.90  -430.65
-304.50  -78.30  -421.95
-430.65  -91.35  -648.15
-430.65  -91.35  -648.15
-430.65  -91.35  -648.15
-430.65  -91.35  -648.15
-430.65  -95.70  -648.15
-430.65  -95.70  -648.15
-430.65  -91.35  -652.50
-430.65  -91.35  -652.50
-430.65  -91.35  -652.50
-430.65  -91.35  -652.50
-430.65  -91.35  -652.50
-226.20  -34.80  -348.00
-334.95  -91.35  -404.55
-230.55  -4.35  -78.30
-243.60  -30.45  -400.20
-361.05  -39.15  -356.70
-278.40  -56.55  -430.65
-308.85  -78.30  -421.95
-430.65  -95.70  -648.15
-435.00  -91.35  -648.15
-435.00  -91.35  -648.15
-426.30  -91.35  -652.50
-426.30  -91.35  -652.50
-426.30  -91.35  -652.50
-426.30  -91.35  -652.50
-426.30  -91.35  -652.50
-430.65  -95.70  -648.15
-430.65  -95.70  -648.15
-430.65  -95.70  -652.50
-226.20  -34.80  -348.00
-334.95  -87.00  -400.20
-230.55  -4.35  -73.95
-243.60  -26.10  -404.55
-361.05  -34.80  -361.05
-278.40  -56.55  -435.00
-304.50  -78.30  -417.60
-430.65  -95.70  -652.50
-430.65  -95.70  -652.50
-430.65  -95.70  -648.15
-430.65  -95.70  -648.15
-430.65  -95.70  -648.15
-430.65  -95.70  -648.15
-430.65  -95.70  -648.15
-430.65  -95.70  -648.15
-430.65  -95.70  -648.15
-430.65  -95.70  -648.15
-430.65  -91.35  -648.15
-221.85  -30.45  -352.35
-330.60  -87.00  -404.55
-230.55  -4.35  -78.30
-243.60  -26.10  -404.55
-361.05  -39.15  -356.70
-278.40  -60.90  -435.00
-304.50  -78.30  -421.95
-430.65  -95.70  -648.15
-430.65  -95.70  -648.15
-430.65  -95.70  -648.15
-430.65  -95.70  -648.15
-426.30  -95.70  -652.50
-426.30  -95.70  -652.50
-426.30  -95.70  -652.50
-426.30  -95.70  -652.50
-426.30  -95.70  -652.50
-430.65  -91.35  -648.15
-430.65  -91.35  -648.15
-221.85  -34.80  -352.35
-334.95  -91.35  -400.20
-226.20  -4.35  -78.30
-243.60  -26.10  -400.20
-361.05  -34.80  -356.70
-282.75  -60.90  -435.00
-304.50  -78.30  -421.95
-430.65  -91.35  -648.15
-435.00  -95.70  -652.50
-435.00  -95.70  -652.50
-435.00  -95.70  -652.50
-430.65  -95.70  -648.15
-430.65  -95.70  -648.15
-430.65  -91.35  -648.15
-430.65  -91.35  -648.15
-430.65  -91.35  -648.15
-430.65  -91.35  -648.15
-430.65  -91.35  -648.15
-230.55  -34.80  -348.00
-334.95  -91.35  -400.20
-230.55  -4.35  -78.30
-243.60  -26.10  -400.20
-361.05  -39.15  -356.70
-278.40  -60.90  -435.00
-308.85  -78.30  -421.95
-430.65  -95.70  -648.15
-430.65  -95.70  -648.15
-430.65  -95.70  -648.15
-430.65  -91.35  -648.15
-430.65  -91.35  -648.15
-430.65  -100.05  -652.50
-430.65  -100.05  -652.50
-430.65  -100.05  -652.50
-430.65  -91.35  -648.15
-430.65  -91.35  -648.15
-430.65  -95.70  -648.15
-221.85  -39.15  -348.00
-330.60  -91.35  -400.20
-226.20  -8.70  -78.30
-243.60  -26.10  -400.20
-361.05  -39.15  -361.05
-278.40  -60.90  -435.00
-304.50  -78.30  -421.95
-430.65  -91.35  -652.50
-430.65  -91.35  -652.50
-430.65  -95.70  -648.15
-430.65  -95.70  -648.15
-430.65  -95.70  -648.15
-430.65  -95.70  -648.15
-430.65  -95.70  -648.15
-435.00  -95.70  -648.15
-435.00  -95.70  -648.15
-435.00  -95.70  -648.15
-430.65  -95.70  -648.15
-226.20  -34.80  -348.00
-334.95  -87.00  -400.20
-234.90  -4.35  -78.30
-243.60  -26.10  -400.20
-361.05  -34.80  -356.70
-282.75  -60.90  -430.65
-304.50  -78.30  -421.95
-426.30  -91.35  -648.15
-426.30  -91.35  -648.15
-426.30  -91.35  -648.15
-426.30  -91.35  -648.15
-430.65  -91.35  -648.15
-430.65  -91.35  -648.15
-430.65  -95.70  -648.15
-430.65  -95.70  -648.15
-430.65  -95.70  -648.15
-430.65  -91.35  -643.80
-430.65  -91.35  -643.80
-226.20  -34.80  -348.00
-330.60  -87.00  -400.20
-230.55  -4.35  -78.30
-243.60  -26.10  -400.20
-361.05  -34.80  -361.05
-278.40  -60.90  -430.65
-308.85  -78.30  -417.60
-430.65  -95.70  -652.50
-430.65  -95.70  -648.15
-430.65  -95.70  -648.15
-430.65  -91.35  -652.50
-430.65  -91.35  -652.50
-430.65  -91.35  -652.50
-426.30  -82.65  -652.50
-426.30  -82.65  -652.50
-421.95  -82.65  -652.50
-421.95  -82.65  -652.50
-421.95  -82.65  -652.50
-226.20  -30.45  -348.00
-326.25  -82.65  -404.55
-226.20  4.35  -78.30
-239.25  -26.10  -400.20
-356.70  -26.10  -356.70
-274.05  -52.20  -430.65
-300.15  -69.60  -417.60
-421.95  -82.65  -652.50
-421.95  -82.65  -652.50
-421.95  -82.65  -652.50
-421.95  -82.65  -652.50
-421.95  -82.65  -652.50
-361.05  -108.75  -661.20
-361.05  -108.75  -661.20
-361.05  -108.75  -661.20
-361.05  -108.75  -661.20
-361.05  -108.75  -661.20
-343.65  -108.75  -661.20
-226.20  -56.55  -348.00
-321.90  -104.40  -408.90
-221.85  -26.10  -87.00
-226.20  -60.90  -408.90
-339.30  -60.90  -365.40
-269.70  -91.35  -439.35
-291.45  -113.10  -426.30
-330.60  -126.15  -652.50
-330.60  -126.15  -652.50
-326.25  -134.85  -652.50
-326.25  -134.85  -652.50
-326.25  -147.90  -648.15
-326.25  -147.90  -648.15
-326.25  -147.90  -648.15
-326.25  -147.90  -648.15
-326.25  -147.90  -648.15
-326.25  -156.60  -639.45
-326.25  -156.60  -639.45
-230.55  -91.35  -348.00
-321.90  -139.20  -413.25
-221.85  -65.25  -87.00
-230.55  -91.35  -413.25
-339.30  -108.75  -369.75
-274.05  -134.85  -443.70
-295.80  -160.95  -426.30
-326.25  -178.35  -630.75
-326.25  -178.35  -630.75
-326.25  -178.35  -630.75
-326.25  -200.10  -622.05
-326.25  -200.10  -622.05
-326.25  -208.80  -622.05
-326.25  -208.80  -622.05
-326.25  -208.80  -622.05
-326.25  -208.80  -622.05
-326.25  -208.80  -622.05
-326.25  -221.85  -613.35
-230.55  -152.25  -352.35
-330.60  -195.75  -408.90
-230.55  -113.10  -87.00
-239.25  -130.50  -404.55
-348.00  -156.60  -365.40
-287.10  -160.95  -443.70
-304.50  -182.70  -421.95
-321.90  -200.10  -609.00
-321.90  -191.40  -609.00
-321.90  -191.40  -609.00
-321.90  -191.40  -609.00
-317.55  -187.05  -604.65
-317.55  -187.05  -604.65
-317.55  -187.05  -604.65
-317.55  -187.05  -604.65
-317.55  -187.05  -604.65
-317.55  -187.05  -604.65
-317.55  -187.05  -604.65
-234.90  -108.75  -356.70
-330.60  -152.25  -421.95
-226.20  -78.30  -95.70
-239.25  -87.00  -413.25
-330.60  -117.45  -361.05
-282.75  -134.85  -448.05
-295.80  -143.55  -426.30
-300.15  -169.65  -604.65
-300.15  -169.65  -604.65
-300.15  -169.65  -604.65
-300.15  -169.65  -600.30
-300.15  -169.65  -600.30
-295.80  -165.30  -600.30
-295.80  -165.30  -600.30
-291.45  -169.65  -600.30
-291.45  -169.65  -600.30
-291.45  -169.65  -600.30
-291.45  -169.65  -600.30
-226.20  -87.00  -365.40
-308.85  -121.80  -421.95
-217.50  -52.20  -95.70
-234.90  -73.95  -417.60
-308.85  -100.05  -365.40
-274.05  -113.10  -443.70
-295.80  -121.80  -426.30
-287.10  -156.60  -604.65
-287.10  -156.60  -604.65
-287.10  -156.60  -604.65
-287.10  -156.60  -604.65
-287.10  -156.60  -604.65
-287.10  -156.60  -604.65
-291.45  -160.95  -600.30
-291.45  -160.95  -600.30
-291.45  -160.95  -604.65
-291.45  -160.95  -604.65
-291.45  -160.95  -604.65
-226.20  -69.60  -361.05
-291.45  -121.80  -421.95
-208.80  -52.20  -91.35
-230.55  -65.25  -417.60
-300.15  -104.40  -369.75
-269.70  -113.10  -439.35
-295.80  -121.80  -426.30
-282.75  -156.60  -604.65
-282.75  -156.60  -604.65
-282.75  -156.60  -604.65
-282.75  -156.60  -604.65
-282.75  -156.60  -604.65
-274.05  -156.60  -613.35
-274.05  -156.60  -613.35
-274.05  -152.25  -613.35
-274.05  -152.25  -613.35
-274.05  -152.25  -613.35
-274.05  -156.60  -617.70
-200.10  -56.55  -369.75
-261.00  -117.45  -448.05
-182.70  -43.50  -104.40
-213.15  -52.20  -421.95
-282.75  -100.05  -382.80
-247.95  -104.40  -452.40
-269.70  -113.10  -430.65
-261.00  -152.25  -617.70
-261.00  -147.90  -622.05
-261.00  -147.90  -622.05
-261.00  -147.90  -622.05
-261.00  -147.90  -622.05
-261.00  -147.90  -622.05
-256.65  -147.90  -622.05
-256.65  -147.90  -622.05
-256.65  -147.90  -622.05
-256.65  -147.90  -622.05
-256.65  -147.90  -622.05
-178.35  -43.50  -378.45
-243.60  -121.80  -461.10
-160.95  -39.15  -113.10
-191.40  -47.85  -430.65
-265.35  -95.70  -395.85
-221.85  -100.05  -452.40
-252.30  -113.10  -435.00
-256.65  -147.90  -622.05
-256.65  -147.90  -622.05
-256.65  -147.90  -622.05
-256.65  -147.90  -622.05
-256.65  -147.90  -622.05
-256.65  -147.90  -622.05
-256.65  -147.90  -622.05
-243.60  -143.55  -626.40
-243.60  -143.55  -626.40
-243.60  -143.55  -626.40
-243.60  -143.55  -626.40
-165.30  -52.20  -378.45
-234.90  -126.15  -469.80
-152.25  -43.50  -117.45
-182.70  -47.85  -430.65
-269.70  -95.70  -395.85
-221.85  -104.40  -456.75
-252.30  -113.10  -439.35
-247.95  -147.90  -626.40
-252.30  -147.90  -626.40
-252.30  -147.90  -626.40
-252.30  -147.90  -626.40
-247.95  -143.55  -626.40
-247.95  -143.55  -626.40
-247.95  -134.85  -626.40
-247.95  -134.85  -626.40
-247.95  -130.50  -630.75
-247.95  -130.50  -630.75
-247.95  -130.50  -630.75
-165.30  -34.80  -378.45
-247.95  -104.40  -474.15
-147.90  -21.75  -117.45
-182.70  -30.45  -426.30
-269.70  -73.95  -400.20
-217.50  -87.00  -456.75
-243.60  -87.00  -435.00
-247.95  -121.80  -626.40
-247.95  -121.80  -626.40
-247.95  -121.80  -626.40
-247.95  -121.80  -626.40
-247.95  -121.80  -626.40
-247.95  -121.80  -626.40
-247.95  -121.80  -626.40
-247.95  -117.45  -626.40
-247.95  -117.45  -626.40
-247.95  -117.45  -626.40
-247.95  -117.45  -626.40
-152.25  -17.40  -378.45
-247.95  -95.70  -474.15
-143.55  -8.70  -121.80
-169.65  -17.40  -430.65
-265.35  -60.90  -400.20
-204.45  -69.60  -456.75
-234.90  -69.60  -435.00
-239.25  -108.75  -626.40
-230.55  -104.40  -630.75
-230.55  -104.40  -630.75
-230.55  -104.40  -630.75
-230.55  -104.40  -630.75
-230.55  -104.40  -630.75
-226.20  -100.05  -626.40
-226.20  -100.05  -626.40
-226.20  -108.75  -626.40
-226.20  -108.75  -626.40
-226.20  -108.75  -626.40
-139.20  -13.05  -382.80
-234.90  -95.70  -482.85
-130.50  -13.05  -121.80
-165.30  -17.40  -430.65
-256.65  -65.25  -400.20
-200.10  -69.60  -461.10
-234.90  -82.65  -435.00
-230.55  -113.10  -630.75
-230.55  -113.10  -630.75
-230.55  -113.10  -630.75
-230.55  -113.10  -630.75
-230.55  -113.10  -630.75
-234.90  -108.75  -622.05
-234.90  -108.75  -622.05
-230.55  -108.75  -626.40
-230.55  -108.75  -626.40
-230.55  -108.75  -626.40
-230.55  -108.75  -626.40
-134.85  -8.70  -382.80
-230.55  -100.05  -482.85
-126.15  -8.70  -121.80
-156.60  -17.40  -430.65
-247.95  -73.95  -400.20
-195.75  -82.65  -461.10
-226.20  -82.65  -439.35
-226.20  -121.80  -626.40
-226.20  -121.80  -626.40
-230.55  -121.80  -626.40
-230.55  -121.80  -626.40
-221.85  -121.80  -630.75
-221.85  -121.80  -630.75
-217.50  -121.80  -626.40
-217.50  -121.80  -626.40
-217.50  -121.80  -626.40
-217.50  -121.80  -626.40
-217.50  -121.80  -626.40
-126.15  -17.40  -382.80
-213.15  -104.40  -491.55
-113.10  -13.05  -126.15
-147.90  -17.40  -435.00
-234.90  -73.95  -404.55
-182.70  -73.95  -465.45
-213.15  -82.65  -443.70
-213.15  -117.45  -630.75
-213.15  -117.45  -630.75
-213.15  -117.45  -630.75
-213.15  -117.45  -630.75
-213.15  -117.45  -630.75
-204.45  -108.75  -630.75
-204.45  -108.75  -630.75
-200.10  -104.40  -630.75
-200.10  -104.40  -630.75
-200.10  -104.40  -630.75
-200.10  -100.05  -626.40
-113.10  0.00  -387.15
-195.75  -82.65  -491.55
-100.05  13.05  -126.15
-134.85  4.35  -435.00
-221.85  -47.85  -400.20
-165.30  -47.85  -461.10
-195.75  -47.85  -439.35
-200.10  -82.65  -626.40
-200.10  -82.65  -626.40
-204.45  -78.30  -626.40
-204.45  -78.30  -626.40
-204.45  -78.30  -622.05
-204.45  -78.30  -622.05
-204.45  -78.30  -622.05
-204.45  -78.30  -622.05
-204.45  -78.30  -622.05
-204.45  -69.60  -622.05
-204.45  -69.60  -622.05
-113.10  0.00  -387.15
-195.75  -47.85  -487.20
-100.05  43.50  -117.45
-134.85  34.80  -426.30
-217.50  -17.40  -400.20
-160.95  -17.40  -448.05
-195.75  -17.40  -430.65
-200.10  -56.55  -617.70
-195.75  -47.85  -617.70
-195.75  -47.85  -617.70
-195.75  -47.85  -617.70
-195.75  -47.85  -617.70
-195.75  -47.85  -617.70
-182.70  -30.45  -613.35
-182.70  -30.45  -613.35
-182.70  -30.45  -613.35
-182.70  -26.10  -609.00
-182.70  -26.10  -609.00
-87.00  91.35  -374.10
-169.65  13.05  -478.50
-73.95  95.70  -108.75
-108.75  91.35  -413.25
-195.75  47.85  -387.15
-139.20  39.15  -435.00
-178.35  39.15  -417.60
-178.35  -4.35  -609.00
-178.35  0.00  -600.30
-178.35  0.00  -600.30
-178.35  0.00  -600.30
-178.35  0.00  -600.30
-178.35  0.00  -600.30
-178.35  13.05  -600.30
-178.35  13.05  -600.30
-178.35  13.05  -600.30
-178.35  13.05  -600.30
-178.35  13.05  -600.30
-87.00  134.85  -356.70
-169.65  13.05  -478.50
-73.95  139.20  -91.35
-113.10  130.50  -400.20
-195.75  91.35  -369.75
-143.55  73.95  -417.60
-182.70  73.95  -395.85
-182.70  39.15  -587.25
-182.70  39.15  -582.90
-182.70  39.15  -582.90
-182.70  39.15  -582.90
-182.70  39.15  -582.90
-182.70  39.15  -582.90
-182.70  52.20  -582.90
-182.70  52.20  -582.90
-182.70  52.20  -582.90
-182.70  52.20  -582.90
-182.70  52.20  -582.90
-87.00  165.30  -339.30
-182.70  104.40  -435.00
-78.30  174.00  -69.60
-117.45  165.30  -378.45
-200.10  126.15  -348.00
-147.90  108.75  -404.55
-178.35  108.75  -378.45
-182.70  65.25  -569.85
-187.05  73.95  -565.50
-187.05  73.95  -565.50
-187.05  73.95  -565.50
-187.05  73.95  -565.50
-187.05  73.95  -565.50
-182.70  82.65  -561.15
-182.70  82.65  -561.15
-182.70  82.65  -561.15
-182.70  82.65  -561.15
-182.70  82.65  -561.15
-82.65  200.10  -321.90
-182.70  134.85  -421.95
-73.95  204.45  -56.55
-113.10  182.70  -365.40
-200.10  143.55  -339.30
-143.55  126.15  -391.50
-182.70  126.15  -369.75
-182.70  82.65  -556.80
-191.40  78.30  -561.15
-191.40  78.30  -561.15
-187.05  82.65  -556.80
-187.05  82.65  -556.80
-187.05  82.65  -556.80
-187.05  82.65  -556.80
-187.05  82.65  -556.80
-182.70  82.65  -561.15
-182.70  82.65  -561.15
-182.70  82.65  -561.15
-82.65  200.10  -321.90
-182.70  139.20  -421.95
-65.25  204.45  -52.20
-104.40  191.40  -365.40
-191.40  152.25  -339.30
-130.50  134.85  -387.15
-169.65  134.85  -365.40
-174.00  87.00  -556.80
-174.00  87.00  -556.80
-174.00  87.00  -556.80
-169.65  91.35  -552.45
-169.65  91.35  -552.45
-169.65  91.35  -556.80
-165.30  95.70  -556.80
-165.30  95.70  -556.80
-160.95  95.70  -556.80
-160.95  95.70  -556.80
-160.95  95.70  -556.80
-56.55  213.15  -317.55
-160.95  156.60  -417.60
-52.20  221.85  -47.85
-82.65  200.10  -356.70
-174.00  160.95  -334.95
-113.10  139.20  -382.80
-152.25  143.55  -361.05
-156.60  100.05  -552.45
-156.60  100.05  -552.45
-156.60  100.05  -552.45
-156.60  100.05  -552.45
-156.60  100.05  -552.45
-147.90  117.45  -539.40
-147.90  117.45  -539.40
-147.90  117.45  -539.40
-147.90  121.80  -535.05
-147.90  121.80  -535.05
-139.20  121.80  -535.05
-39.15  243.60  -300.15
-143.55  187.05  -391.50
-30.45  252.30  -26.10
-65.25  234.90  -339.30
-156.60  200.10  -308.85
-95.70  174.00  -356.70
-130.50  178.35  -334.95
-134.85  134.85  -526.35
-134.85  134.85  -526.35
-134.85  134.85  -526.35
-134.85  134.85  -526.35
-134.85  134.85  -526.35
-126.15  139.20  -522.00
-126.15  139.20  -522.00
-130.50  143.55  -517.65
-130.50  143.55  -517.65
-130.50  143.55  -517.65
-130.50  143.55  -517.65
-21.75  261.00  -287.10
-126.15  208.80  -365.40
-17.40  274.05  -4.35
-52.20  247.95  -326.25
-143.55  217.50  -295.80
-78.30  191.40  -348.00
-121.80  195.75  -321.90
-121.80  152.25  -508.95
-121.80  152.25  -508.95
-117.45  152.25  -508.95
-117.45  152.25  -508.95
-113.10  156.60  -504.60
-113.10  156.60  -504.60
-113.10  156.60  -504.60
-113.10  156.60  -504.60
-113.10  156.60  -504.60
-104.40  160.95  -495.90
-104.40  160.95  -495.90
4.35  287.10  -269.70
-104.40  230.55  -339.30
8.70  291.45  21.75
-52.20  247.95  -326.25
-121.80  243.60  -265.35
-56.55  217.50  -317.55
-95.70  217.50  -295.80
-100.05  174.00  -487.20
-100.05  174.00  -487.20
-100.05  174.00  -487.20
-100.05  174.00  -487.20
-95.70  174.00  -482.85
-95.70  174.00  -482.85
-95.70  174.00  -482.85
-95.70  174.00  -482.85
-95.70  174.00  -482.85
-91.35  182.70  -478.50
-91.35  182.70  -478.50
13.05  295.80  -252.30
-95.70  247.95  -321.90
17.40  304.50  34.80
-17.40  278.40  -291.45
-108.75  247.95  -261.00
-43.50  213.15  -326.25
-87.00  217.50  -295.80
-87.00  165.30  -495.90
-91.35  152.25  -508.95
-91.35  152.25  -508.95
-91.35  152.25  -508.95
-91.35  139.20  -522.00
-91.35  139.20  -522.00
-87.00  130.50  -530.70
-87.00  130.50  -530.70
-87.00  130.50  -530.70
-82.65  134.85  -526.35
-82.65  134.85  -526.35
30.45  261.00  -295.80
-87.00  208.80  -365.40
26.10  274.05  -8.70
-8.70  252.30  -326.25
-104.40  221.85  -295.80
-39.15  191.40  -343.65
-78.30  195.75  -317.55
-87.00  147.90  -508.95
-87.00  147.90  -508.95
-87.00  147.90  -508.95
-87.00  147.90  -508.95
-78.30  165.30  -495.90
-78.30  165.30  -495.90
-78.30  165.30  -495.90
-78.30  165.30  -495.90
-78.30  165.30  -495.90
-73.95  165.30  -495.90
-73.95  165.30  -495.90
34.80  287.10  -269.70
-78.30  234.90  -339.30
30.45  291.45  17.40
0.00  265.35  -304.50
-95.70  234.90  -274.05
-26.10  204.45  -330.60
-69.60  204.45  -308.85
-73.95  160.95  -500.25
-73.95  160.95  -500.25
-73.95  160.95  -500.25
-73.95  160.95  -500.25
-69.60  160.95  -495.90
-69.60  160.95  -495.90
-69.60  160.95  -495.90
-69.60  160.95  -495.90
-69.60  160.95  -495.90
-65.25  165.30  -495.90
-65.25  165.30  -495.90
52.20  282.75  -269.70
-65.25  230.55  -339.30
47.85  291.45  13.05
17.40  269.70  -304.50
-82.65  234.90  -274.05
-13.05  208.80  -330.60
-56.55  204.45  -300.15
-65.25  165.30  -500.25
-65.25  165.30  -500.25
-65.25  165.30  -500.25
-65.25  165.30  -500.25
-65.25  165.30  -500.25
-65.25  165.30  -500.25
-65.25  165.30  -500.25
-56.55  165.30  -491.55
-56.55  165.30  -491.55
-56.55  160.95  -495.90
-60.90  160.95  -495.90
56.55  282.75  -265.35
-65.25  230.55  -334.95
47.85  291.45  13.05
17.40  269.70  -304.50
-78.30  239.25  -269.70
-13.05  208.80  -326.25
-56.55  208.80  -300.15
-60.90  160.95  -495.90
-60.90  160.95  -495.90
-56.55  165.30  -495.90
-56.55  165.30  -495.90
-56.55  165.30  -495.90
-56.55  165.30  -495.90
-56.55  165.30  -495.90
-65.25  160.95  -495.90
-65.25  160.95  -495.90
-65.25  160.95  -495.90
-65.25  160.95  -495.90
52.20  282.75  -269.70
-65.25  230.55  -343.65
52.20  291.45  17.40
21.75  269.70  -300.15
-73.95  239.25  -269.70
-13.05  208.80  -326.25
-52.20  213.15  -295.80
-56.55  165.30  -491.55
-56.55  165.30  -491.55
-52.20  165.30  -491.55
-52.20  165.30  -491.55
-52.20  165.30  -491.55
-52.20  165.30  -491.55
-52.20  165.30  -491.55
-47.85  160.95  -491.55
-47.85  160.95  -491.55
-47.85  160.95  -491.55
-47.85  160.95  -491.55
69.60  287.10  -261.00
-47.85  230.55  -330.60
69.60  295.80  21.75
39.15  269.70  -295.80
-52.20  243.60  -256.65
13.05  208.80  -317.55
-21.75  213.15  -287.10
-30.45  169.65  -482.85
-30.45  169.65  -482.85
-21.75  165.30  -478.50
-21.75  165.30  -478.50
-21.75  165.30  -478.50
-21.75  169.65  -482.85
-21.75  169.65  -482.85
-21.75  169.65  -482.85
-21.75  169.65  -482.85
-21.75  169.65  -482.85
-21.75  160.95  -487.20
91.35  278.40  -265.35
-21.75  230.55  -326.25
87.00  291.45  26.10
52.20  265.35  -300.15
-39.15  239.25  -256.65
30.45  204.45  -317.55
-13.05  208.80  -291.45
-13.05  160.95  -482.85
-13.05  160.95  -482.85
-8.70  160.95  -482.85
-8.70  160.95  -482.85
-8.70  160.95  -482.85
-8.70  165.30  -482.85
-8.70  165.30  -482.85
-8.70  165.30  -482.85
-8.70  165.30  -482.85
-8.70  165.30  -482.85
-8.70  160.95  -474.15
108.75  282.75  -261.00
-4.35  234.90  -317.55
108.75  291.45  34.80
73.95  269.70  -287.10
-17.40  243.60  -247.95
52.20  208.80  -308.85
0.00  208.80  -278.40
0.00  165.30  -478.50
0.00  165.30  -478.50
0.00  165.30  -478.50
0.00  165.30  -478.50
0.00  165.30  -478.50
0.00  165.30  -478.50
0.00  165.30  -474.15
0.00  165.30  -474.15
0.00  165.30  -474.15
0.00  169.65  -469.80
0.00  169.65  -469.80
117.45  291.45  -247.95
0.00  243.60  -308.85
113.10  300.15  47.85
78.30  278.40  -278.40
-13.05  252.30  -234.90
52.20  217.50  -300.15
8.70  221.85  -265.35
4.35  174.00  -465.45
4.35  174.00  -465.45
4.35  174.00  -465.45
4.35  174.00  -465.45
4.35  174.00  -461.10
8.70  174.00  -461.10
8.70  174.00  -461.10
8.70  174.00  -461.10
8.70  174.00  -461.10
8.70  174.00  -461.10
8.70  187.05  -448.05
126.15  300.15  -230.55
8.70  261.00  -278.40
121.80  317.55  73.95
87.00  291.45  -252.30
-4.35  265.35  -213.15
65.25  234.90  -269.70
17.40  234.90  -239.25
17.40  187.05  -439.35
17.40  187.05  -439.35
17.40  187.05  -439.35
17.40  191.40  -430.65
17.40  191.40  -430.65
17.40  191.40  -430.65
17.40  191.40  -430.65
17.40  191.40  -430.65
21.75  195.75  -421.95
21.75  195.75  -421.95
21.75  195.75  -421.95
143.55  317.55  -204.45
21.75  274.05  -247.95
139.20  330.60  100.05
104.40  304.50  -226.20
8.70  278.40  -178.35
87.00  243.60  -243.60
30.45  247.95  -213.15
30.45  200.10  -417.60
30.45  200.10  -417.60
30.45  200.10  -417.60
30.45  200.10  -417.60
30.45  200.10  -417.60
30.45  200.10  -417.60
39.15  204.45  -408.90
39.15  204.45  -408.90
39.15  204.45  -408.90
39.15  200.10  -408.90
39.15  200.10  -408.90
160.95  321.90  -191.40
21.75  274.05  -247.95
147.90  334.95  121.80
117.45  308.85  -213.15
26.10  282.75  -165.30
95.70  247.95  -226.20
43.50  252.30  -195.75
43.50  200.10  -400.20
43.50  200.10  -400.20
43.50  200.10  -400.20
43.50  200.10  -400.20
52.20  208.80  -391.50
52.20  208.80  -391.50
52.20  208.80  -391.50
52.20  208.80  -387.15
52.20  208.80  -387.15
52.20  208.80  -387.15
52.20  208.80  -387.15
178.35  326.25  -169.65
56.55  282.75  -195.75
160.95  334.95  152.25
130.50  317.55  -182.70
39.15  291.45  -130.50
117.45  256.65  -200.10
65.25  261.00  -160.95
65.25  213.15  -369.75
65.25  213.15  -369.75
69.60  213.15  -361.05
69.60  213.15  -361.05
69.60  213.15  -361.05
69.60  213.15  -361.05
69.60  213.15  -361.05
69.60  217.50  -352.35
69.60  217.50  -352.35
69.60  217.50  -352.35
69.60  217.50  -348.00
195.75  334.95  -139.20
69.60  291.45  -152.25
174.00  343.65  187.05
147.90  326.25  -147.90
56.55  300.15  -95.70
126.15  261.00  -160.95
73.95  269.70  -126.15
78.30  217.50  -330.60
78.30  217.50  -330.60
78.30  217.50  -330.60
78.30  217.50  -330.60
78.30  217.50  -330.60
78.30  217.50  -330.60
78.30  217.50  -330.60
78.30  217.50  -330.60
82.65  221.85  -317.55
82.65  221.85  -317.55
82.65  221.85  -317.55
208.80  334.95  -108.75
87.00  295.80  -121.80
174.00  343.65  187.05
160.95  326.25  -121.80
69.60  304.50  -56.55
139.20  265.35  -126.15
87.00  269.70  -95.70
82.65  221.85  -317.55
82.65  221.85  -317.55
82.65  221.85  -317.55
82.65  221.85  -317.55
82.65  221.85  -317.55
82.65  221.85  -317.55
95.70  221.85  -291.45
95.70  221.85  -291.45
95.70  221.85  -291.45
95.70  221.85  -291.45
95.70  221.85  -291.45
221.85  330.60  -82.65
104.40  291.45  -82.65
200.10  343.65  256.65
169.65  321.90  -91.35
82.65  300.15  -30.45
152.25  261.00  -95.70
100.05  269.70  -65.25
104.40  226.20  -278.40
104.40  226.20  -278.40
104.40  226.20  -278.40
104.40  226.20  -278.40
100.05  226.20  -269.70
100.05  226.20  -269.70
100.05  226.20  -269.70
104.40  221.85  -269.70
104.40  221.85  -269.70
104.40  226.20  -265.35
104.40  226.20  -265.35
234.90  330.60  -60.90
104.40  291.45  -60.90
208.80  343.65  282.75
178.35  321.90  -65.25
91.35  300.15  0.00
156.60  265.35  -78.30
104.40  269.70  -43.50
108.75  226.20  -261.00
108.75  226.20  -261.00
108.75  226.20  -261.00
108.75  226.20  -261.00
108.75  226.20  -261.00
108.75  226.20  -261.00
108.75  226.20  -261.00
113.10  221.85  -256.65
113.10  221.85  -256.65
117.45  221.85  -252.30
117.45  221.85  -252.30
239.25  326.25  -52.20
117.45  282.75  -43.50
213.15  339.30  295.80
187.05  317.55  -56.55
104.40  291.45  17.40
156.60  265.35  -78.30
117.45  261.00  -26.10
117.45  221.85  -243.60
117.45  221.85  -243.60
121.80  221.85  -239.25
121.80  221.85  -239.25
121.80  221.85  -239.25
121.80  221.85  -239.25
121.80  221.85  -239.25
121.80  221.85  -230.55
121.80  221.85  -230.55
121.80  221.85  -230.55
121.80  221.85  -230.55
256.65  313.20  -30.45
126.15  278.40  -17.40
226.20  330.60  326.25
200.10  317.55  -26.10
104.40  291.45  17.40
182.70  252.30  -30.45
126.15  256.65  4.35
130.50  217.50  -217.50
130.50  217.50  -217.50
130.50  217.50  -217.50
130.50  217.50  -217.50
130.50  217.50  -217.50
134.85  217.50  -208.80
134.85  217.50  -208.80
134.85  217.50  -208.80
134.85  213.15  -208.80
134.85  213.15  -208.80
139.20  213.15  -204.45
269.70  304.50  -13.05
139.20  269.70  4.35
234.90  321.90  343.65
208.80  304.50  -13.05
126.15  278.40  56.55
191.40  239.25  -13.05
139.20  247.95  21.75
143.55  213.15  -195.75
143.55  213.15  -195.75
143.55  213.15  -195.75
143.55  213.15  -195.75
143.55  213.15  -195.75
143.55  213.15  -195.75
143.55  213.15  -195.75
143.55  213.15  -195.75
152.25  204.45  -187.05
152.25  204.45  -187.05
152.25  204.45  -187.05
282.75  295.80  4.35
152.25  261.00  30.45
252.30  308.85  369.75
221.85  295.80  4.35
134.85  269.70  82.65
204.45  230.55  4.35
152.25  234.90  39.15
156.60  204.45  -174.00
156.60  204.45  -174.00
156.60  204.45  -174.00
156.60  204.45  -174.00
156.60  204.45  -174.00
156.60  204.45  -174.00
160.95  195.75  -165.30
160.95  195.75  -165.30
160.95  195.75  -165.30
160.95  195.75  -165.30
160.95  195.75  -165.30
300.15  278.40  26.10
169.65  239.25  60.90
265.35  287.10  400.20
239.25  278.40  34.80
152.25  243.60  117.45
226.20  208.80  39.15
165.30  217.50  73.95
174.00  182.70  -143.55
178.35  182.70  -139.20
178.35  182.70  -139.20
178.35  182.70  -139.20
182.70  178.35  -134.85
182.70  178.35  -134.85
182.70  178.35  -134.85
182.70  178.35  -134.85
182.70  178.35  -134.85
187.05  169.65  -126.15
187.05  169.65  -126.15
317.55  256.65  52.20
182.70  217.50  95.70
282.75  265.35  426.30
252.30  256.65  65.25
169.65  221.85  147.90
234.90  191.40  65.25
182.70  200.10  100.05
191.40  169.65  -117.45
191.40  169.65  -117.45
195.75  165.30  -117.45
195.75  165.30  -117.45
195.75  160.95  -113.10
195.75  160.95  -113.10
195.75  160.95  -113.10
195.75  160.95  -113.10
195.75  160.95  -113.10
195.75  160.95  -113.10
195.75  160.95  -113.10
317.55  256.65  52.20
200.10  191.40  117.45
295.80  234.90  452.40
269.70  234.90  87.00
187.05  195.75  174.00
234.90  191.40  65.25
195.75  169.65  130.50
213.15  139.20  -91.35
213.15  139.20  -91.35
213.15  139.20  -91.35
213.15  139.20  -91.35
213.15  139.20  -91.35
213.15  139.20  -91.35
213.15  139.20  -91.35
213.15  139.20  -91.35
213.15  139.20  -91.35
213.15  139.20  -91.35
213.15  139.20  -87.00
339.30  213.15  78.30
208.80  178.35  130.50
300.15  226.20  465.45
274.05  221.85  95.70
187.05  187.05  178.35
261.00  156.60  95.70
200.10  165.30  130.50
217.50  134.85  -82.65
217.50  134.85  -82.65
217.50  134.85  -82.65
221.85  130.50  -82.65
221.85  130.50  -82.65
221.85  130.50  -82.65
221.85  130.50  -82.65
221.85  130.50  -82.65
221.85  126.15  -73.95
221.85  126.15  -73.95
221.85  126.15  -73.95
352.35  195.75  87.00
217.50  160.95  147.90
304.50  208.80  478.50
282.75  208.80  108.75
187.05  187.05  178.35
265.35  134.85  113.10
208.80  147.90  152.25
226.20  117.45  -65.25
226.20  117.45  -65.25
226.20  117.45  -65.25
226.20  117.45  -65.25
226.20  117.45  -65.25
226.20  117.45  -65.25
230.55  108.75  -56.55
230.55  108.75  -56.55
230.55  108.75  -56.55
234.90  104.40  -56.55
234.90  104.40  -56.55
361.05  174.00  100.05
226.20  143.55  160.95
313.20  191.40  487.20
295.80  187.05  121.80
208.80  143.55  208.80
278.40  117.45  121.80
221.85  126.15  156.60
239.25  95.70  -56.55
239.25  95.70  -56.55
239.25  95.70  -56.55
239.25  95.70  -56.55
239.25  95.70  -56.55
239.25  95.70  -56.55
239.25  95.70  -56.55
243.60  82.65  -47.85
243.60  82.65  -47.85
243.60  82.65  -47.85
247.95  78.30  -47.85
378.45  152.25  100.05
243.60  113.10  165.30
330.60  160.95  495.90
308.85  160.95  121.80
226.20  121.80  213.15
287.10  91.35  126.15
226.20  104.40  165.30
256.65  69.60  -43.50
256.65  69.60  -43.50
256.65  69.60  -43.50
256.65  69.60  -43.50
256.65  69.60  -43.50
256.65  69.60  -43.50
256.65  69.60  -43.50
256.65  69.60  -43.50
256.65  69.60  -43.50
261.00  56.55  -43.50
261.00  56.55  -43.50
387.15  126.15  104.40
252.30  91.35  174.00
343.65  134.85  495.90
321.90  134.85  126.15
239.25  87.00  221.85
304.50  60.90  134.85
247.95  69.60  174.00
269.70  43.50  -39.15
269.70  43.50  -39.15
269.70  43.50  -39.15
269.70  43.50  -39.15
269.70  43.50  -39.15
269.70  43.50  -39.15
269.70  43.50  -39.15
274.05  30.45  -30.45
274.05  30.45  -30.45
274.05  30.45  -30.45
274.05  26.10  -26.10
404.55  91.35  113.10
269.70  52.20  191.40
356.70  104.40  508.95
330.60  104.40  139.20
252.30  47.85  239.25
317.55  26.10  147.90
256.65  39.15  187.05
282.75  8.70  -13.05
282.75  8.70  -13.05
282.75  8.70  -13.05
282.75  0.00  -13.05
282.75  0.00  -13.05
282.75  0.00  -13.05
287.10  -8.70  -4.35
287.10  -8.70  -4.35
287.10  -8.70  -4.35
291.45  -13.05  -4.35
291.45  -13.05  -4.35
413.25  43.50  134.85
274.05  8.70  208.80
361.05  56.55  535.05
339.30  60.90  160.95
252.30  13.05  256.65
321.90  -13.05  169.65
261.00  0.00  213.15
291.45  -21.75  0.00
291.45  -21.75  0.00
291.45  -30.45  4.35
291.45  -30.45  4.35
291.45  -30.45  4.35
291.45  -30.45  0.00
291.45  -30.45  0.00
291.45  -30.45  0.00
295.80  -34.80  4.35
295.80  -34.80  4.35
295.80  -34.80  4.35
421.95  17.40  130.50
282.75  -21.75  213.15
374.10  26.10  530.70
348.00  34.80  160.95
269.70  -21.75  261.00
330.60  -43.50  178.35
265.35  -26.10  217.50
295.80  -47.85  8.70
300.15  -56.55  8.70
300.15  -56.55  8.70
300.15  -56.55  8.70
300.15  -56.55  13.05
300.15  -56.55  13.05
300.15  -56.55  13.05
304.50  -60.90  17.40
304.50  -60.90  17.40
304.50  -60.90  17.40
304.50  -60.90  17.40
426.30  -17.40  139.20
291.45  -56.55  221.85
378.45  -4.35  539.40
352.35  0.00  169.65
274.05  -56.55  261.00
339.30  -78.30  174.00
274.05  -65.25  221.85
308.85  -82.65  17.40
308.85  -82.65  17.40
308.85  -82.65  17.40
308.85  -82.65  17.40
308.85  -82.65  17.40
308.85  -82.65  17.40
308.85  -82.65  17.40
308.85  -82.65  17.40
313.20  -104.40  21.75
313.20  -104.40  21.75
313.20  -104.40  21.75
430.65  -56.55  134.85
295.80  -100.05  221.85
378.45  -47.85  539.40
356.70  -43.50  169.65
278.40  -104.40  269.70
343.65  -121.80  178.35
282.75  -108.75  221.85
313.20  -126.15  26.10
317.55  -130.50  26.10
317.55  -130.50  26.10
317.55  -130.50  26.10
317.55  -130.50  26.10
317.55  -130.50  26.10
321.90  -147.90  17.40
321.90  -147.90  17.40
321.90  -147.90  17.40
321.90  -152.25  17.40
321.90  -152.25  17.40
443.70  -104.40  126.15
308.85  -143.55  208.80
391.50  -91.35  530.70
374.10  -73.95  156.60
287.10  -139.20  252.30
352.35  -156.60  169.65
291.45  -143.55  208.80
321.90  -156.60  17.40
326.25  -169.65  13.05
326.25  -169.65  13.05
326.25  -169.65  13.05
326.25  -174.00  13.05
326.25  -174.00  13.05
326.25  -174.00  13.05
326.25  -178.35  8.70
326.25  -178.35  8.70
326.25  -178.35  8.70
326.25  -178.35  8.70
448.05  -130.50  108.75
317.55  -178.35  195.75
400.20  -121.80  513.30
374.10  -104.40  139.20
287.10  -139.20  252.30
352.35  -156.60  169.65
295.80  -178.35  195.75
330.60  -200.10  8.70
330.60  -200.10  8.70
334.95  -200.10  8.70
334.95  -200.10  8.70
334.95  -200.10  8.70
334.95  -200.10  8.70
334.95  -200.10  8.70
334.95  -200.10  8.70
330.60  -213.15  8.70
330.60  -213.15  8.70
330.60  -213.15  8.70
452.40  -160.95  108.75
313.20  -204.45  195.75
395.85  -147.90  508.95
378.45  -126.15  139.20
295.80  -200.10  234.90
356.70  -217.50  147.90
295.80  -204.45  187.05
330.60  -230.55  4.35
330.60  -230.55  4.35
330.60  -230.55  4.35
330.60  -230.55  0.00
330.60  -230.55  0.00
330.60  -230.55  0.00
330.60  -234.90  -4.35
330.60  -234.90  -4.35
330.60  -234.90  -4.35
330.60  -234.90  -4.35
330.60  -234.90  -4.35
456.75  -182.70  91.35
321.90  -226.20  169.65
404.55  -174.00  482.85
378.45  -126.15  139.20
304.50  -226.20  217.50
365.40  -234.90  126.15
304.50  -221.85  174.00
334.95  -252.30  -13.05
334.95  -252.30  -13.05
334.95  -252.30  -13.05
334.95  -252.30  -13.05
334.95  -252.30  -13.05
334.95  -252.30  -13.05
334.95  -269.70  -21.75
334.95  -269.70  -21.75
334.95  -269.70  -21.75
330.60  -269.70  -21.75
330.60  -269.70  -21.75
452.40  -213.15  78.30
321.90  -256.65  156.60
404.55  -208.80  469.80
382.80  -182.70  104.40
300.15  -261.00  200.10
365.40  -274.05  113.10
304.50  -221.85  174.00
330.60  -291.45  -21.75
330.60  -291.45  -21.75
330.60  -291.45  -21.75
330.60  -291.45  -21.75
330.60  -291.45  -21.75
330.60  -291.45  -21.75
330.60  -317.55  -30.45
330.60  -317.55  -30.45
330.60  -326.25  -30.45
326.25  -326.25  -30.45
326.25  -326.25  -30.45
452.40  -256.65  60.90
317.55  -308.85  134.85
400.20  -252.30  452.40
378.45  -226.20  87.00
300.15  -313.20  178.35
356.70  -317.55  91.35
291.45  -308.85  134.85
326.25  -343.65  -43.50
326.25  -348.00  -47.85
326.25  -348.00  -47.85
326.25  -348.00  -47.85
326.25  -348.00  -47.85
326.25  -348.00  -47.85
321.90  -369.75  -60.90
321.90  -369.75  -60.90
321.90  -369.75  -60.90
321.90  -369.75  -60.90
321.90  -369.75  -60.90
452.40  -256.65  26.10
317.55  -356.70  100.05
395.85  -300.15  417.60
378.45  -269.70  52.20
295.80  -356.70  147.90
348.00  -352.35  56.55
291.45  -339.30  104.40
317.55  -387.15  -73.95
317.55  -387.15  -78.30
317.55  -387.15  -78.30
317.55  -387.15  -78.30
317.55  -387.15  -78.30
317.55  -387.15  -78.30
317.55  -395.85  -87.00
317.55  -395.85  -87.00
317.55  -395.85  -87.00
317.55  -395.85  -87.00
317.55  -395.85  -87.00
443.70  -304.50  26.10
308.85  -365.40  78.30
391.50  -308.85  391.50
374.10  -278.40  30.45
295.80  -374.10  126.15
352.35  -374.10  34.80
282.75  -361.05  78.30
313.20  -408.90  -100.05
313.20  -413.25  -100.05
313.20  -413.25  -100.05
313.20  -413.25  -100.05
313.20  -413.25  -100.05
313.20  -413.25  -100.05
308.85  -413.25  -104.40
308.85  -413.25  -104.40
313.20  -417.60  -108.75
313.20  -417.60  -108.75
313.20  -417.60  -108.75
439.35  -321.90  -8.70
317.55  -378.45  60.90
395.85  -313.20  374.10
374.10  -287.10  17.40
295.80  -374.10  104.40
348.00  -378.45  13.05
287.10  -365.40  60.90
313.20  -417.60  -121.80
313.20  -417.60  -121.80
313.20  -417.60  -121.80
313.20  -417.60  -126.15
313.20  -417.60  -126.15
313.20  -417.60  -126.15
313.20  -417.60  -126.15
313.20  -417.60  -126.15
313.20  -421.95  -134.85
313.20  -421.95  -134.85
313.20  -421.95  -134.85
439.35  -330.60  -26.10
313.20  -382.80  39.15
395.85  -321.90  348.00
374.10  -295.80  -8.70
295.80  -382.80  82.65
352.35  -387.15  -13.05
282.75  -382.80  34.80
304.50  -435.00  -139.20
304.50  -435.00  -139.20
304.50  -435.00  -139.20
308.85  -435.00  -143.55
308.85  -435.00  -143.55
308.85  -435.00  -143.55
308.85  -435.00  -143.55
308.85  -435.00  -143.55
300.15  -448.05  -143.55
300.15  -448.05  -143.55
300.15  -448.05  -143.55
426.30  -352.35  -30.45
300.15  -413.25  26.10
382.80  -352.35  334.95
361.05  -321.90  -17.40
278.40  -417.60  73.95
334.95  -417.60  -21.75
269.70  -408.90  21.75
291.45  -461.10  -160.95
291.45  -461.10  -160.95
291.45  -461.10  -160.95
287.10  -469.80  -169.65
287.10  -469.80  -169.65
287.10  -469.80  -174.00
287.10  -469.80  -174.00
287.10  -469.80  -178.35
282.75  -474.15  -178.35
282.75  -474.15  -178.35
282.75  -469.80  -187.05
417.60  -374.10  -65.25
287.10  -435.00  -4.35
369.75  -369.75  295.80
348.00  -339.30  -56.55
265.35  -435.00  30.45
321.90  -430.65  -60.90
265.35  -421.95  -17.40
278.40  -474.15  -208.80
278.40  -474.15  -208.80
278.40  -478.50  -208.80
278.40  -478.50  -208.80
278.40  -478.50  -208.80
278.40  -478.50  -217.50
278.40  -478.50  -217.50
278.40  -478.50  -217.50
278.40  -478.50  -217.50
278.40  -478.50  -217.50
278.40  -478.50  -217.50
408.90  -378.45  -91.35
291.45  -435.00  -39.15
365.40  -369.75  265.35
348.00  -334.95  -82.65
265.35  -435.00  4.35
321.90  -430.65  -82.65
261.00  -417.60  -43.50
278.40  -469.80  -230.55
278.40  -469.80  -230.55
282.75  -469.80  -234.90
282.75  -469.80  -234.90
282.75  -465.45  -239.25
282.75  -465.45  -239.25
282.75  -465.45  -239.25
282.75  -465.45  -239.25
282.75  -465.45  -239.25
287.10  -456.75  -252.30
287.10  -456.75  -252.30
417.60  -356.70  -113.10
300.15  -413.25  -65.25
378.45  -348.00  243.60
356.70  -317.55  -108.75
274.05  -413.25  -21.75
334.95  -404.55  -117.45
269.70  -395.85  -69.60
287.10  -448.05  -261.00
287.10  -448.05  -265.35
287.10  -448.05  -265.35
287.10  -448.05  -265.35
287.10  -448.05  -265.35
287.10  -448.05  -265.35
291.45  -439.35  -269.70
291.45  -439.35  -269.70
291.45  -439.35  -269.70
291.45  -439.35  -269.70
291.45  -439.35  -269.70
417.60  -339.30  -126.15
304.50  -400.20  -82.65
382.80  -330.60  230.55
361.05  -300.15  -121.80
282.75  -395.85  -39.15
339.30  -387.15  -130.50
278.40  -374.10  -87.00
291.45  -430.65  -274.05
295.80  -435.00  -274.05
295.80  -435.00  -274.05
295.80  -426.30  -278.40
295.80  -426.30  -278.40
295.80  -426.30  -278.40
295.80  -421.95  -278.40
295.80  -421.95  -278.40
300.15  -417.60  -282.75
300.15  -417.60  -282.75
300.15  -417.60  -282.75
417.60  -339.30  -126.15
317.55  -369.75  -95.70
395.85  -304.50  217.50
374.10  -269.70  -134.85
295.80  -365.40  -47.85
356.70  -356.70  -139.20
291.45  -339.30  -95.70
308.85  -395.85  -287.10
308.85  -395.85  -287.10
308.85  -395.85  -300.15
308.85  -391.50  -300.15
308.85  -391.50  -300.15
308.85  -391.50  -300.15
308.85  -391.50  -300.15
308.85  -387.15  -304.50
308.85  -387.15  -304.50
308.85  -387.15  -304.50
308.85  -382.80  -308.85
435.00  -278.40  -156.60
321.90  -343.65  -121.80
400.20  -269.70  187.05
374.10  -247.95  -156.60
295.80  -339.30  -78.30
352.35  -330.60  -165.30
291.45  -317.55  -126.15
308.85  -378.45  -317.55
308.85  -378.45  -317.55
304.50  -374.10  -321.90
304.50  -374.10  -321.90
304.50  -374.10  -321.90
304.50  -374.10  -321.90
304.50  -374.10  -321.90
308.85  -369.75  -326.25
308.85  -369.75  -326.25
304.50  -374.10  -326.25
304.50  -374.10  -326.25
435.00  -269.70  -169.65
321.90  -334.95  -134.85
400.20  -261.00  174.00
374.10  -234.90  -169.65
291.45  -330.60  -95.70
352.35  -321.90  -178.35
287.10  -313.20  -139.20
304.50  -365.40  -326.25
304.50  -361.05  -339.30
304.50  -361.05  -339.30
304.50  -361.05  -339.30
304.50  -361.05  -339.30
304.50  -361.05  -339.30
304.50  -361.05  -348.00
304.50  -361.05  -348.00
304.50  -361.05  -348.00
304.50  -361.05  -348.00
304.50  -361.05  -348.00
426.30  -256.65  -191.40
317.55  -326.25  -156.60
391.50  -252.30  147.90
365.40  -226.20  -191.40
287.10  -321.90  -121.80
343.65  -308.85  -208.80
282.75  -300.15  -165.30
300.15  -352.35  -356.70
300.15  -352.35  -356.70
300.15  -352.35  -356.70
295.80  -348.00  -365.40
295.80  -348.00  -365.40
295.80  -348.00  -374.10
295.80  -348.00  -374.10
295.80  -348.00  -374.10
295.80  -339.30  -374.10
295.80  -339.30  -374.10
295.80  -339.30  -374.10
421.95  -234.90  -208.80
313.20  -308.85  -187.05
391.50  -226.20  121.80
365.40  -200.10  -217.50
282.75  -291.45  -147.90
343.65  -278.40  -226.20
282.75  -269.70  -191.40
295.80  -317.55  -382.80
295.80  -317.55  -382.80
300.15  -317.55  -387.15
300.15  -317.55  -387.15
300.15  -317.55  -387.15
300.15  -317.55  -387.15
300.15  -317.55  -387.15
291.45  -313.20  -395.85
291.45  -313.20  -395.85
291.45  -313.20  -395.85
291.45  -313.20  -395.85
408.90  -208.80  -230.55
308.85  -287.10  -221.85
382.80  -204.45  95.70
352.35  -178.35  -239.25
274.05  -265.35  -174.00
330.60  -256.65  -261.00
282.75  -269.70  -191.40
282.75  -291.45  -413.25
282.75  -291.45  -413.25
282.75  -282.75  -417.60
282.75  -282.75  -417.60
287.10  -274.05  -413.25
287.10  -274.05  -413.25
287.10  -274.05  -413.25
287.10  -274.05  -413.25
287.10  -274.05  -413.25
291.45  -256.65  -417.60
291.45  -256.65  -417.60
413.25  -156.60  -239.25
308.85  -239.25  -234.90
382.80  -204.45  95.70
352.35  -130.50  -252.30
278.40  -208.80  -187.05
334.95  -208.80  -265.35
278.40  -200.10  -226.20
291.45  -243.60  -421.95
287.10  -239.25  -421.95
287.10  -239.25  -421.95
287.10  -234.90  -430.65
287.10  -234.90  -430.65
287.10  -234.90  -430.65
287.10  -226.20  -426.30
287.10  -226.20  -426.30
287.10  -226.20  -426.30
287.10  -226.20  -426.30
287.10  -226.20  -426.30
408.90  -126.15  -252.30
308.85  -213.15  -247.95
382.80  -113.10  73.95
348.00  -95.70  -261.00
278.40  -169.65  -191.40
334.95  -169.65  -274.05
278.40  -147.90  -230.55
291.45  -200.10  -421.95
291.45  -200.10  -421.95
291.45  -200.10  -421.95
295.80  -182.70  -413.25
295.80  -182.70  -413.25
300.15  -174.00  -408.90
300.15  -174.00  -408.90
300.15  -174.00  -408.90
300.15  -174.00  -408.90
300.15  -174.00  -408.90
295.80  -160.95  -404.55
408.90  -126.15  -252.30
317.55  -147.90  -234.90
391.50  -56.55  91.35
361.05  -39.15  -243.60
282.75  -113.10  -178.35
343.65  -113.10  -256.65
278.40  -104.40  -217.50
291.45  -143.55  -408.90
291.45  -143.55  -408.90
291.45  -134.85  -408.90
291.45  -134.85  -408.90
291.45  -134.85  -408.90
291.45  -134.85  -408.90
291.45  -134.85  -408.90
295.80  -113.10  -395.85
295.80  -113.10  -395.85
295.80  -113.10  -395.85
295.80  -108.75  -395.85
417.60  -8.70  -221.85
317.55  -95.70  -226.20
395.85  0.00  113.10
356.70  17.40  -221.85
282.75  -56.55  -156.60
343.65  -52.20  -230.55
282.75  -47.85  -195.75
295.80  -87.00  -387.15
295.80  -87.00  -387.15
295.80  -73.95  -378.45
295.80  -73.95  -378.45
295.80  -73.95  -378.45
295.80  -69.60  -378.45
295.80  -69.60  -378.45
295.80  -65.25  -374.10
295.80  -65.25  -374.10
295.80  -65.25  -374.10
295.80  -65.25  -374.10
417.60  43.50  -195.75
317.55  -39.15  -208.80
391.50  47.85  139.20
356.70  56.55  -200.10
282.75  -13.05  -134.85
343.65  -17.40  -208.80
282.75  -8.70  -174.00
295.80  -52.20  -365.40
295.80  -52.20  -365.40
291.45  -52.20  -369.75
291.45  -52.20  -369.75
291.45  -52.20  -369.75
291.45  -52.20  -369.75
291.45  -52.20  -369.75
291.45  -43.50  -369.75
291.45  -43.50  -369.75
291.45  -43.50  -369.75
291.45  -43.50  -369.75
413.25  56.55  -195.75
308.85  -21.75  -213.15
387.15  60.90  139.20
352.35  73.95  -195.75
278.40  4.35  -134.85
343.65  0.00  -200.10
278.40  8.70  -165.30
291.45  -26.10  -352.35
291.45  -26.10  -352.35
291.45  -26.10  -352.35
291.45  -26.10  -352.35
291.45  -26.10  -352.35
291.45  -26.10  -343.65
291.45  -26.10  -343.65
291.45  -26.10  -343.65
287.10  -17.40  -343.65
287.10  -17.40  -343.65
291.45  -17.40  -334.95
413.25  82.65  -169.65
308.85  13.05  -182.70
387.15  91.35  174.00
352.35  95.70  -169.65
278.40  34.80  -95.70
339.30  30.45  -165.30
278.40  34.80  -130.50
291.45  -4.35  -313.20
291.45  -4.35  -313.20
291.45  -4.35  -313.20
291.45  0.00  -300.15
291.45  0.00  -300.15
291.45  0.00  -300.15
291.45  0.00  -300.15
291.45  0.00  -300.15
291.45  0.00  -300.15
291.45  0.00  -300.15
291.45  0.00  -300.15
417.60  113.10  -134.85
304.50  43.50  -139.20
387.15  113.10  208.80
352.35  95.70  -169.65
278.40  56.55  -73.95
339.30  43.50  -143.55
278.40  56.55  -104.40
291.45  13.05  -295.80
291.45  17.40  -295.80
291.45  17.40  -295.80
291.45  17.40  -295.80
287.10  17.40  -291.45
287.10  17.40  -291.45
287.10  17.40  -291.45
287.10  17.40  -287.10
287.10  17.40  -287.10
287.10  17.40  -282.75
287.10  17.40  -282.75
417.60  121.80  -126.15
300.15  65.25  -121.80
387.15  126.15  226.20
356.70  134.85  -117.45
274.05  73.95  -47.85
339.30  56.55  -117.45
274.05  69.60  -82.65
291.45  26.10  -274.05
291.45  26.10  -274.05
287.10  26.10  -269.70
287.10  26.10  -269.70
287.10  26.10  -269.70
287.10  26.10  -269.70
287.10  26.10  -269.70
287.10  26.10  -269.70
287.10  26.10  -269.70
287.10  26.10  -269.70
282.75  34.80  -256.65
413.25  130.50  -104.40
295.80  87.00  -95.70
378.45  143.55  247.95
348.00  147.90  -91.35
269.70  91.35  -21.75
334.95  73.95  -91.35
274.05  87.00  -52.20
287.10  43.50  -239.25
287.10  43.50  -239.25
287.10  43.50  -239.25
282.75  43.50  -226.20
282.75  43.50  -226.20
282.75  43.50  -226.20
282.75  43.50  -226.20
282.75  43.50  -226.20
282.75  43.50  -213.15
282.75  43.50  -213.15
282.75  43.50  -213.15
413.25  147.90  -60.90
291.45  100.05  -34.80
382.80  156.60  300.15
352.35  156.60  -43.50
269.70  100.05  26.10
330.60  82.65  -43.50
269.70  95.70  -4.35
282.75  47.85  -195.75
282.75  47.85  -191.40
282.75  47.85  -191.40
282.75  47.85  -191.40
282.75  47.85  -191.40
282.75  47.85  -191.40
282.75  47.85  -191.40
282.75  47.85  -191.40
282.75  47.85  -191.40
287.10  43.50  -174.00
287.10  43.50  -174.00
413.25  143.55  -21.75
295.80  95.70  0.00
378.45  147.90  348.00
348.00  152.25  -4.35
274.05  91.35  73.95
330.60  73.95  4.35
269.70  91.35  43.50
287.10  34.80  -147.90
287.10  34.80  -147.90
287.10  34.80  -139.20
287.10  34.80  -139.20
287.10  34.80  -139.20
287.10  30.45  -130.50
287.10  30.45  -130.50
287.10  30.45  -130.50
287.10  26.10  -130.50
287.10  26.10  -130.50
287.10  30.45  -126.15
421.95  130.50  13.05
295.80  87.00  52.20
378.45  139.20  391.50
352.35  139.20  30.45
274.05  78.30  113.10
334.95  60.90  34.80
274.05  78.30  73.95
287.10  26.10  -121.80
287.10  26.10  -121.80
287.10  26.10  -121.80
291.45  17.40  -117.45
291.45  17.40  -117.45
291.45  17.40  -117.45
291.45  17.40  -121.80
291.45  17.40  -121.80
291.45  17.40  -121.80
291.45  17.40  -121.80
291.45  17.40  -121.80
426.30  117.45  26.10
295.80  82.65  56.55
387.15  126.15  400.20
356.70  130.50  39.15
278.40  69.60  113.10
339.30  56.55  39.15
274.05  69.60  78.30
291.45  17.40  -121.80
291.45  17.40  -121.80
287.10  21.75  -126.15
287.10  21.75  -126.15
287.10  21.75  -126.15
287.10  21.75  -126.15
287.10  21.75  -126.15
291.45  30.45  -139.20
291.45  30.45  -139.20
291.45  30.45  -139.20
291.45  30.45  -143.55
421.95  134.85  0.00
295.80  95.70  17.40
382.80  143.55  361.05
352.35  147.90  -4.35
274.05  91.35  69.60
334.95  73.95  -4.35
274.05  91.35  30.45
287.10  43.50  -165.30
287.10  43.50  -165.30
287.10  43.50  -165.30
291.45  43.50  -174.00
291.45  43.50  -174.00
291.45  43.50  -174.00
291.45  43.50  -174.00
291.45  43.50  -174.00
287.10  47.85  -187.05
287.10  47.85  -187.05
287.10  47.85  -187.05
413.25  152.25  -47.85
291.45  108.75  -26.10
378.45  156.60  308.85
348.00  156.60  -47.85
269.70  100.05  30.45
330.60  78.30  -47.85
269.70  100.05  -26.10
287.10  52.20  -213.15
282.75  47.85  -217.50
282.75  47.85  -217.50
282.75  47.85  -217.50
282.75  47.85  -217.50
282.75  47.85  -217.50
282.75  43.50  -230.55
282.75  43.50  -230.55
282.75  43.50  -230.55
287.10  43.50  -234.90
287.10  43.50  -234.90
413.25  143.55  -82.65
291.45  95.70  -78.30
378.45  147.90  265.35
348.00  147.90  -78.30
274.05  95.70  -8.70
330.60  73.95  -82.65
269.70  87.00  -43.50
287.10  39.15  -239.25
287.10  39.15  -239.25
287.10  34.80  -239.25
287.10  34.80  -239.25
287.10  34.80  -243.60
287.10  30.45  -243.60
287.10  30.45  -243.60
287.10  30.45  -243.60
287.10  30.45  -243.60
287.10  30.45  -243.60
291.45  34.80  -243.60
413.25  134.85  -91.35
304.50  82.65  -82.65
382.80  139.20  261.00
356.70  143.55  -87.00
282.75  78.30  -8.70
339.30  65.25  -82.65
274.05  78.30  -43.50
291.45  26.10  -234.90
291.45  26.10  -234.90
291.45  26.10  -234.90
291.45  26.10  -234.90
291.45  26.10  -234.90
295.80  26.10  -226.20
295.80  26.10  -226.20
295.80  26.10  -226.20
295.80  21.75  -226.20
295.80  21.75  -226.20
295.80  21.75  -226.20
421.95  126.15  -73.95
317.55  73.95  -60.90
391.50  130.50  287.10
356.70  134.85  -60.90
287.10  69.60  8.70
352.35  52.20  -60.90
282.75  69.60  -26.10
295.80  21.75  -226.20
300.15  17.40  -213.15
300.15  17.40  -213.15
300.15  17.40  -213.15
300.15  17.40  -213.15
300.15  17.40  -213.15
300.15  17.40  -213.15
300.15  17.40  -213.15
300.15  17.40  -213.15
304.50  13.05  -213.15
304.50  13.05  -213.15
435.00  117.45  -60.90
321.90  60.90  -52.20
400.20  121.80  295.80
356.70  134.85  -60.90
291.45  60.90  17.40
352.35  47.85  -47.85
282.75  60.90  -13.05
304.50  13.05  -204.45
304.50  13.05  -204.45
304.50  13.05  -200.10
304.50  13.05  -200.10
304.50  13.05  -200.10
304.50  8.70  -200.10
304.50  8.70  -200.10
304.50  8.70  -200.10
304.50  8.70  -200.10
304.50  8.70  -200.10
304.50  8.70  -200.10
435.00  108.75  -52.20
326.25  52.20  -39.15
404.55  113.10  308.85
365.40  121.80  -43.50
291.45  52.20  26.10
356.70  43.50  -43.50
282.75  56.55  -4.35
304.50  8.70  -195.75
304.50  8.70  -195.75
304.50  8.70  -195.75
308.85  8.70  -191.40
308.85  8.70  -191.40
308.85  8.70  -191.40
304.50  13.05  -191.40
304.50  13.05  -191.40
304.50  13.05  -191.40
304.50  13.05  -191.40
304.50  13.05  -191.40
430.65  113.10  -43.50
330.60  52.20  -26.10
400.20  113.10  321.90
365.40  121.80  -26.10
295.80  52.20  43.50
356.70  43.50  -43.50
287.10  56.55  13.05
308.85  4.35  -178.35
308.85  4.35  -178.35
308.85  4.35  -178.35
308.85  4.35  -178.35
308.85  4.35  -178.35
308.85  4.35  -178.35
308.85  4.35  -178.35
308.85  4.35  -178.35
308.85  4.35  -178.35
308.85  4.35  -178.35
300.15  8.70  -174.00
435.00  113.10  -30.45
330.60  52.20  -13.05
400.20  113.10  339.30
365.40  121.80  -17.40
295.80  56.55  60.90
348.00  43.50  -8.70
282.75  60.90  30.45
300.15  8.70  -156.60
300.15  8.70  -156.60
300.15  8.70  -156.60
295.80  13.05  -152.25
295.80  13.05  -152.25
295.80  13.05  -152.25
300.15  13.05  -143.55
300.15  13.05  -143.55
300.15  13.05  -143.55
300.15  13.05  -143.55
300.15  13.05  -143.55
426.30  117.45  4.35
321.90  60.90  34.80
387.15  121.80  387.15
352.35  130.50  34.80
287.10  56.55  108.75
348.00  43.50  -8.70
269.70  65.25  87.00
291.45  13.05  -108.75
291.45  13.05  -108.75
291.45  13.05  -108.75
291.45  13.05  -108.75
291.45  13.05  -108.75
291.45  13.05  -108.75
291.45  13.05  -108.75
282.75  4.35  -78.30
282.75  4.35  -78.30
282.75  4.35  -78.30
282.75  8.70  -69.60
417.60  108.75  65.25
313.20  56.55  100.05
374.10  113.10  452.40
339.30  121.80  95.70
274.05  47.85  174.00
321.90  43.50  100.05
247.95  65.25  147.90
274.05  4.35  -52.20
274.05  4.35  -52.20
274.05  4.35  -52.20
269.70  4.35  -39.15
269.70  4.35  -39.15
269.70  4.35  -39.15
265.35  0.00  -34.80
265.35  0.00  -34.80
265.35  0.00  -34.80
269.70  -4.35  -30.45
269.70  -4.35  -30.45
404.55  104.40  100.05
300.15  56.55  143.55
361.05  108.75  491.55
326.25  117.45  130.50
261.00  43.50  213.15
321.90  43.50  100.05
234.90  52.20  191.40
265.35  -8.70  -8.70
265.35  -8.70  -8.70
261.00  -8.70  -4.35
261.00  -8.70  -4.35
261.00  -8.70  -4.35
256.65  -13.05  4.35
256.65  -13.05  4.35
256.65  -13.05  4.35
252.30  -8.70  13.05
252.30  -8.70  13.05
252.30  -8.70  13.05
382.80  87.00  143.55
282.75  43.50  200.10
339.30  95.70  535.05
304.50  104.40  174.00
243.60  21.75  269.70
282.75  17.40  191.40
217.50  39.15  234.90
243.60  -21.75  34.80
239.25  -30.45  47.85
239.25  -30.45  47.85
239.25  -30.45  47.85
234.90  -26.10  47.85
234.90  -26.10  47.85
234.90  -26.10  47.85
234.90  -26.10  52.20
234.90  -26.10  52.20
234.90  -26.10  52.20
230.55  -30.45  52.20
369.75  78.30  165.30
269.70  30.45  234.90
326.25  82.65  565.50
287.10  95.70  200.10
234.90  8.70  287.10
269.70  4.35  208.80
204.45  34.80  256.65
234.90  -30.45  52.20
234.90  -30.45  52.20
234.90  -30.45  52.20
226.20  -30.45  65.25
226.20  -30.45  65.25
226.20  -30.45  65.25
217.50  -34.80  73.95
217.50  -34.80  73.95
213.15  -39.15  82.65
213.15  -39.15  82.65
213.15  -39.15  82.65
343.65  65.25  200.10
247.95  21.75  274.05
300.15  73.95  600.30
287.10  95.70  200.10
204.45  4.35  330.60
243.60  0.00  243.60
178.35  26.10  291.45
204.45  -34.80  91.35
204.45  -34.80  91.35
195.75  -43.50  95.70
195.75  -43.50  95.70
195.75  -47.85  104.40
191.40  -47.85  104.40
191.40  -47.85  104.40
195.75  -52.20  108.75
195.75  -52.20  108.75
195.75  -52.20  108.75
187.05  -52.20  113.10
321.90  52.20  221.85
230.55  4.35  308.85
278.40  60.90  635.10
243.60  73.95  256.65
182.70  -17.40  356.70
217.50  -13.05  269.70
152.25  17.40  321.90
169.65  -52.20  126.15
169.65  -52.20  126.15
169.65  -52.20  126.15
169.65  -52.20  126.15
169.65  -52.20  126.15
147.90  -47.85  139.20
147.90  -47.85  139.20
147.90  -47.85  139.20
139.20  -43.50  147.90
139.20  -43.50  147.90
139.20  -43.50  147.90
278.40  60.90  252.30
182.70  13.05  356.70
230.55  69.60  669.90
200.10  82.65  287.10
130.50  -4.35  400.20
165.30  -4.35  304.50
104.40  30.45  352.35
139.20  -43.50  147.90
126.15  -39.15  156.60
126.15  -39.15  156.60
126.15  -39.15  156.60
126.15  -39.15  156.60
126.15  -39.15  156.60
117.45  -43.50  160.95
117.45  -43.50  160.95
117.45  -43.50  160.95
113.10  -43.50  165.30
113.10  -43.50  165.30
252.30  60.90  265.35
160.95  13.05  369.75
204.45  69.60  682.95
178.35  82.65  300.15
108.75  0.00  417.60
143.55  0.00  317.55
78.30  30.45  365.40
100.05  -34.80  165.30
100.05  -34.80  165.30
95.70  -30.45  165.30
95.70  -30.45  165.30
95.70  -30.45  165.30
91.35  -30.45  169.65
91.35  -30.45  169.65
91.35  -30.45  169.65
91.35  -30.45  169.65
91.35  -30.45  169.65
91.35  -30.45  169.65
230.55  73.95  274.05
130.50  21.75  395.85
187.05  78.30  696.00
147.90  91.35  313.20
78.30  4.35  430.65
113.10  4.35  339.30
52.20  34.80  374.10
91.35  -30.45  169.65
60.90  -34.80  187.05
60.90  -34.80  187.05
60.90  -34.80  187.05
56.55  -34.80  191.40
56.55  -34.80  191.40
56.55  -34.80  191.40
47.85  -34.80  191.40
47.85  -34.80  191.40
47.85  -34.80  195.75
43.50  -34.80  195.75
191.40  73.95  291.45
91.35  21.75  417.60
147.90  82.65  713.40
113.10  95.70  326.25
34.80  -4.35  452.40
73.95  4.35  348.00
13.05  34.80  391.50
21.75  -39.15  204.45
21.75  -39.15  204.45
21.75  -39.15  204.45
17.40  -43.50  204.45
17.40  -43.50  204.45
17.40  -43.50  204.45
17.40  -43.50  204.45
17.40  -43.50  204.45
4.35  -52.20  213.15
4.35  -52.20  213.15
4.35  -52.20  213.15
143.55  60.90  313.20
47.85  4.35  448.05
147.90  82.65  713.40
65.25  78.30  352.35
-13.05  -13.05  474.15
17.40  -4.35  374.10
-34.80  30.45  413.25
-26.10  -39.15  217.50
-26.10  -39.15  217.50
-26.10  -39.15  217.50
-26.10  -39.15  217.50
-39.15  -39.15  221.85
-39.15  -39.15  221.85
-39.15  -39.15  221.85
-43.50  -39.15  217.50
-43.50  -39.15  217.50
-43.50  -39.15  217.50
-43.50  -39.15  217.50
100.05  73.95  321.90
-8.70  17.40  461.10
56.55  73.95  743.85
17.40  91.35  352.35
-56.55  -4.35  482.85
-26.10  4.35  378.45
-82.65  43.50  408.90
-73.95  -30.45  217.50
-73.95  -30.45  217.50
-73.95  -30.45  217.50
-78.30  -30.45  221.85
-78.30  -30.45  221.85
-78.30  -30.45  221.85
-78.30  -30.45  221.85
-78.30  -30.45  221.85
-91.35  -34.80  221.85
-91.35  -34.80  221.85
-91.35  -34.80  221.85
60.90  73.95  321.90
-47.85  13.05  469.80
17.40  78.30  748.20
-8.70  95.70  356.70
-100.05  -4.35  487.20
-65.25  0.00  374.10
-113.10  34.80  413.25
-104.40  -43.50  226.20
-113.10  -39.15  226.20
-113.10  -39.15  226.20
-113.10  -39.15  226.20
-121.80  -39.15  226.20
-121.80  -39.15  226.20
-126.15  -39.15  226.20
-126.15  -39.15  226.20
-126.15  -39.15  226.20
-130.50  -34.80  226.20
-130.50  -34.80  226.20
30.45  73.95  326.25
-87.00  13.05  478.50
-13.05  69.60  748.20
-47.85  87.00  356.70
-143.55  -8.70  487.20
-104.40  0.00  382.80
-147.90  39.15  413.25
-143.55  -39.15  226.20
-143.55  -39.15  226.20
-143.55  -39.15  226.20
-143.55  -39.15  226.20
-143.55  -39.15  226.20
-143.55  -39.15  226.20
-143.55  -39.15  226.20
-156.60  -43.50  226.20
-156.60  -43.50  226.20
-156.60  -47.85  234.90
-165.30  -47.85  234.90
4.35  60.90  330.60
-121.80  -4.35  487.20
-39.15  60.90  756.90
-73.95  82.65  356.70
-169.65  -13.05  487.20
-121.80  -4.35  378.45
-174.00  39.15  408.90
-174.00  -34.80  221.85
-174.00  -34.80  221.85
-178.35  -39.15  226.20
-178.35  -39.15  226.20
-178.35  -39.15  226.20
-178.35  -39.15  226.20
-178.35  -39.15  226.20
-191.40  -52.20  226.20
-191.40  -52.20  226.20
-191.40  -52.20  226.20
-200.10  -60.90  230.55
-34.80  39.15  334.95
-160.95  -26.10  495.90
-78.30  34.80  761.25
-113.10  52.20  365.40
-221.85  -52.20  495.90
-169.65  -39.15  387.15
-217.50  -4.35  421.95
-221.85  -87.00  230.55
-221.85  -87.00  230.55
-221.85  -87.00  230.55
-221.85  -87.00  230.55
-221.85  -87.00  230.55
-239.25  -104.40  239.25
-239.25  -104.40  239.25
-239.25  -104.40  239.25
-239.25  -104.40  239.25
-239.25  -104.40  239.25
-247.95  -126.15  239.25
-73.95  -21.75  339.30
-217.50  -121.80  504.60
-117.45  -39.15  769.95
-147.90  -13.05  369.75
-265.35  -121.80  495.90
-208.80  -104.40  395.85
-243.60  -65.25  430.65
-256.65  -152.25  239.25
-256.65  -152.25  239.25
-256.65  -165.30  234.90
-256.65  -165.30  234.90
-256.65  -165.30  234.90
-256.65  -165.30  234.90
-256.65  -165.30  234.90
-265.35  -187.05  239.25
-265.35  -187.05  239.25
-265.35  -187.05  239.25
-265.35  -187.05  239.25
-82.65  -100.05  339.30
-239.25  -230.55  508.95
-130.50  -117.45  765.60
-160.95  -87.00  369.75
-282.75  -204.45  491.55
-230.55  -195.75  391.50
-261.00  -147.90  430.65
-274.05  -234.90  234.90
-278.40  -247.95  230.55
-278.40  -247.95  230.55
-278.40  -247.95  230.55
-278.40  -247.95  230.55
-278.40  -247.95  230.55
-287.10  -265.35  226.20
-287.10  -265.35  226.20
-287.10  -265.35  226.20
-287.10  -265.35  226.20
-287.10  -265.35  226.20
-117.45  -178.35  326.25
-261.00  -326.25  474.15
-156.60  -204.45  739.50
-191.40  -165.30  361.05
-304.50  -287.10  469.80
-261.00  -274.05  369.75
-261.00  -147.90  430.65
-308.85  -317.55  208.80
-308.85  -317.55  208.80
-308.85  -317.55  208.80
-308.85  -352.35  191.40
-308.85  -352.35  191.40
-308.85  -365.40  191.40
-313.20  -365.40  191.40
-313.20  -365.40  191.40
-308.85  -382.80  182.70
-308.85  -382.80  182.70
-308.85  -382.80  182.70
-134.85  -291.45  300.15
-265.35  -456.75  395.85
-156.60  -204.45  739.50
-200.10  -274.05  317.55
-317.55  -421.95  404.55
-274.05  -387.15  321.90
-300.15  -356.70  374.10
-308.85  -448.05  152.25
-308.85  -448.05  152.25
-308.85  -456.75  147.90
-308.85  -456.75  147.90
-308.85  -456.75  147.90
-308.85  -456.75  147.90
-308.85  -456.75  147.90
-308.85  -478.50  130.50
-308.85  -478.50  130.50
-308.85  -478.50  130.50
-308.85  -478.50  130.50
-152.25  -369.75  256.65
-261.00  -526.35  313.20
-191.40  -400.20  622.05
-213.15  -369.75  261.00
-321.90  -500.25  334.95
-291.45  -478.50  247.95
-308.85  -452.40  300.15
-321.90  -530.70  78.30
-321.90  -530.70  78.30
-321.90  -539.40  65.25
-321.90  -539.40  65.25
-321.90  -548.10  52.20
-321.90  -548.10  52.20
-321.90  -548.10  52.20
-321.90  -548.10  52.20
-321.90  -548.10  52.20
-317.55  -569.85  26.10
-317.55  -569.85  26.10
-174.00  -465.45  178.35
-261.00  -587.25  200.10
-200.10  -469.80  535.05
-217.50  -443.70  182.70
-321.90  -569.85  239.25
-287.10  -548.10  147.90
-308.85  -530.70  200.10
-308.85  -600.30  -21.75
-304.50  -609.00  -34.80
-304.50  -609.00  -34.80
-304.50  -609.00  -34.80
-304.50  -609.00  -34.80
-304.50  -609.00  -34.80
-308.85  -613.35  -52.20
-308.85  -613.35  -52.20
-308.85  -613.35  -52.20
-313.20  -613.35  -56.55
-313.20  -613.35  -56.55
-178.35  -508.95  117.45
-265.35  -587.25  200.10
-204.45  -504.60  465.45
-226.20  -478.50  113.10
-326.25  -600.30  165.30
-291.45  -569.85  91.35
-313.20  -552.45  147.90
-313.20  -617.70  -78.30
-313.20  -617.70  -78.30
-313.20  -617.70  -78.30
-308.85  -626.40  -100.05
-308.85  -626.40  -100.05
-308.85  -626.40  -100.05
-308.85  -626.40  -100.05
-308.85  -626.40  -100.05
-308.85  -635.10  -108.75
-308.85  -635.10  -108.75
-308.85  -630.75  -113.10
-182.70  -535.05  69.60
-269.70  -609.00  69.60
-204.45  -526.35  395.85
-217.50  -500.25  60.90
-313.20  -609.00  104.40
-287.10  -587.25  34.80
-308.85  -574.20  78.30
-304.50  -639.45  -147.90
-304.50  -639.45  -147.90
-300.15  -639.45  -160.95
-300.15  -639.45  -160.95
-300.15  -643.80  -169.65
-300.15  -643.80  -169.65
-300.15  -643.80  -169.65
-295.80  -639.45  -178.35
-295.80  -639.45  -178.35
-300.15  -643.80  -191.40
-300.15  -643.80  -191.40
-182.70  -543.75  4.35
-269.70  -617.70  -4.35
-200.10  -535.05  326.25
-217.50  -508.95  -17.40
-313.20  -617.70  21.75
-287.10  -587.25  34.80
-300.15  -582.90  8.70
-300.15  -643.80  -213.15
-300.15  -643.80  -213.15
-300.15  -643.80  -213.15
-300.15  -643.80  -213.15
-300.15  -643.80  -213.15
-300.15  -643.80  -213.15
-304.50  -639.45  -221.85
-304.50  -639.45  -221.85
-304.50  -639.45  -221.85
-304.50  -639.45  -221.85
-304.50  -639.45  -221.85
-200.10  -543.75  -30.45
-269.70  -617.70  -4.35
-213.15  -530.70  291.45
-230.55  -504.60  -43.50
-321.90  -609.00  -4.35
-295.80  -582.90  -69.60
-317.55  -578.55  -21.75
-304.50  -639.45  -221.85
-304.50  -639.45  -221.85
-304.50  -639.45  -221.85
-321.90  -630.75  -239.25
-321.90  -630.75  -239.25
-326.25  -626.40  -243.60
-326.25  -626.40  -243.60
-326.25  -626.40  -247.95
-326.25  -626.40  -247.95
-326.25  -626.40  -247.95
-326.25  -626.40  -247.95
-221.85  -530.70  -52.20
-308.85  -595.95  -65.25
-234.90  -513.30  265.35
-230.55  -504.60  -43.50
