60.95  26.10  -365.40
56.55  -56.55  -413.25
156.60  21.75  -73.95
121.80  13.05  -408.90
39.15  -34.80  -343.65
100.05  -43.50  -417.60
47.85  -52.20  -400.20
56.55  -82.65  -582.90
56.55  -82.65  -582.90
56.55  -82.65  -582.90
56.55  -78.30  -582.90
56.55  -82.65  -582.90
56.55  -82.65  -582.90
56.55  -78.30  -582.90
60.90  -78.30  -582.90
60.90  -82.65  -582.90
56.55  -82.65  -582.90
56.55  -78.30  -578.55
160.95  30.45  -365.40
60.90  -60.90  -413.25
156.60  21.75  -69.60
117.45  13.05  -404.55
43.50  -30.45  -343.65
100.05  -43.50  -417.60
47.85  -52.20  -400.20
56.55  -82.65  -582.90
56.55  -78.30  -582.90
56.55  -78.30  -578.55
56.55  -78.30  -578.55
56.55  -78.30  -582.90
56.55  -82.65  -582.90
56.55  -82.65  -582.90
56.55  -82.65  -582.90
52.20  -78.30  -578.55
56.55  -78.30  -582.90
56.55  -78.30  -582.90
160.95  26.10  -369.75
56.55  -56.55  -413.25
156.60  17.40  -73.95
117.45  13.05  -404.55
43.50  -34.80  -343.65
100.05  -43.50  -417.60
43.50  -47.85  -400.20
56.55  -78.30  -582.90
56.55  -82.65  -578.55
56.55  -78.30  -578.55
56.55  -78.30  -582.90
56.55  -78.30  -582.90
56.55  -78.30  -582.90
60.90  -82.65  -578.55
56.55  -82.65  -582.90
56.55  -82.65  -582.90
56.55  -82.65  -582.90
56.55  -78.30  -578.55
160.95  26.10  -369.75
56.55  -56.55  -413.25
156.60  17.40  -69.60
117.45  8.70  -404.55
43.50  -34.80  -343.65
104.40  -43.50  -417.60
47.85  -56.55  -395.85
56.55  -82.65  -582.90
56.55  -78.30  -578.55
56.55  -78.30  -578.55
56.55  -78.30  -578.55
56.55  -78.30  -582.90
56.55  -78.30  -578.55
56.55  -78.30  -578.55
56.55  -78.30  -578.55
56.55  -78.30  -582.90
56.55  -78.30  -582.90
56.55  -78.30  -582.90
160.95  26.10  -365.40
60.90  -65.25  -413.25
152.25  17.40  -73.95
117.45  8.70  -404.55
39.15  -34.80  -339.30
100.05  -43.50  -417.60
43.50  -52.20  -395.85
56.55  -78.30  -582.90
56.55  -78.30  -582.90
56.55  -78.30  -582.90
56.55  -82.65  -578.55
56.55  -82.65  -578.55
56.55  -82.65  -582.90
56.55  -78.30  -582.90
56.55  -78.30  -582.90
56.55  -78.30  -582.90
56.55  -78.30  -582.90
56.55  -78.30  -582.90
160.95  21.75  -365.40
52.20  -56.55  -413.25
156.60  21.75  -73.95
117.45  17.40  -400.20
43.50  -30.45  -339.30
95.70  -43.50  -421.95
43.50  -52.20  -400.20
56.55  -73.95  -582.90
56.55  -73.95  -582.90
56.55  -73.95  -582.90
60.90  -73.95  -582.90
52.20  -73.95  -582.90
52.20  -73.95  -582.90
52.20  -73.95  -582.90
52.20  -73.95  -578.55
56.55  -73.95  -582.90
56.55  -73.95  -582.90
56.55  -73.95  -582.90
152.25  30.45  -365.40
39.15  -47.85  -421.95
152.25  26.10  -69.60
113.10  13.05  -400.20
34.80  -21.75  -343.65
95.70  -39.15  -417.60
43.50  -47.85  -395.85
52.20  -73.95  -582.90
52.20  -69.60  -582.90
52.20  -69.60  -582.90
52.20  -69.60  -582.90
52.20  -69.60  -582.90
47.85  -69.60  -582.90
52.20  -69.60  -582.90
52.20  -69.60  -582.90
52.20  -69.60  -582.90
56.55  -69.60  -582.90
56.55  -69.60  -582.90
152.25  30.45  -365.40
0.00  -4.35  -461.10
134.85  30.45  -73.95
113.10  13.05  -404.55
26.10  13.05  -348.00
91.35  -30.45  -417.60
43.50  -52.20  -395.85
56.55  -65.25  -578.55
56.55  -65.25  -578.55
56.55  -60.90  -578.55
56.55  -60.90  -578.55
56.55  -65.25  -574.20
56.55  -65.25  -574.20
56.55  -60.90  -578.55
56.55  -60.90  -578.55
56.55  -60.90  -578.55
56.55  -60.90  -578.55
52.20  -60.90  -574.20
143.55  26.10  -356.70
-52.20  291.45  -635.10
108.75  60.90  -65.25
108.75  17.40  -400.20
39.15  47.85  -334.95
87.00  -26.10  -404.55
39.15  -47.85  -395.85
56.55  -60.90  -574.20
56.55  -65.25  -574.20
56.55  -60.90  -569.85
56.55  -60.90  -569.85
60.90  -60.90  -574.20
60.90  -60.90  -569.85
60.90  -60.90  -569.85
56.55  -60.90  -569.85
60.90  -60.90  -569.85
60.90  -65.25  -565.50
60.90  -65.25  -565.50
126.15  39.15  -348.00
400.20  400.20  -600.30
82.65  152.25  -39.15
100.05  26.10  -391.50
69.60  26.10  -313.20
91.35  -17.40  -395.85
43.50  -43.50  -391.50
60.90  -69.60  -569.85
60.90  -65.25  -574.20
65.25  -69.60  -569.85
60.90  -65.25  -569.85
60.90  -65.25  -569.85
60.90  -65.25  -569.85
60.90  -65.25  -569.85
60.90  -69.60  -574.20
60.90  -69.60  -574.20
60.90  -69.60  -574.20
65.25  -69.60  -574.20
69.60  69.60  -334.95
208.80  21.75  -374.10
152.25  234.90  -47.85
100.05  39.15  -382.80
69.60  -13.05  -317.55
108.75  -13.05  -400.20
43.50  -43.50  -387.15
60.90  -69.60  -574.20
60.90  -73.95  -574.20
60.90  -73.95  -574.20
60.90  -73.95  -574.20
65.25  -73.95  -574.20
60.90  -73.95  -569.85
60.90  -73.95  -569.85
60.90  -73.95  -569.85
60.90  -69.60  -574.20
60.90  -73.95  -569.85
60.90  -73.95  -569.85
-147.90  287.10  -365.40
100.05  -47.85  -382.80
256.65  174.00  -34.80
95.70  82.65  -374.10
60.90  -26.10  -326.25
113.10  -21.75  -395.85
43.50  -34.80  -382.80
60.90  -73.95  -574.20
60.90  -73.95  -574.20
65.25  -73.95  -574.20
60.90  -73.95  -574.20
60.90  -73.95  -574.20
56.55  -73.95  -574.20
60.90  -73.95  -574.20
56.55  -73.95  -574.20
56.55  -73.95  -574.20
56.55  -73.95  -574.20
56.55  -73.95  -574.20
8.70  909.15  -743.85
73.95  -52.20  -395.85
217.50  69.60  -34.80
126.15  104.40  -365.40
47.85  -30.45  -330.60
113.10  -30.45  -400.20
47.85  -39.15  -382.80
56.55  -73.95  -578.55
56.55  -73.95  -574.20
56.55  -73.95  -574.20
56.55  -78.30  -578.55
60.90  -73.95  -578.55
56.55  -78.30  -574.20
56.55  -78.30  -574.20
56.55  -78.30  -574.20
60.90  -73.95  -578.55
60.90  -73.95  -574.20
60.90  -73.95  -574.20
635.10  774.30  -595.95
65.25  -56.55  -400.20
195.75  43.50  -39.15
139.20  95.70  -365.40
47.85  -30.45  -330.60
113.10  -30.45  -400.20
47.85  -34.80  -378.45
60.90  -73.95  -574.20
60.90  -78.30  -574.20
56.55  -78.30  -574.20
60.90  -73.95  -574.20
60.90  -73.95  -574.20
60.90  -78.30  -574.20
56.55  -73.95  -574.20
60.90  -73.95  -574.20
60.90  -73.95  -574.20
60.90  -73.95  -574.20
60.90  -78.30  -574.20
1096.20  535.05  -1213.65
69.60  -60.90  -400.20
217.50  47.85  -39.15
182.70  204.45  -395.85
52.20  -26.10  -330.60
121.80  -26.10  -400.20
56.55  -17.40  -378.45
60.90  -73.95  -574.20
60.90  -78.30  -574.20
60.90  -78.30  -574.20
60.90  -78.30  -574.20
65.25  -78.30  -574.20
60.90  -73.95  -569.85
60.90  -73.95  -569.85
60.90  -73.95  -569.85
65.25  -73.95  -578.55
60.90  -73.95  -574.20
60.90  -73.95  -574.20
535.05  -291.45  -865.65
69.60  -56.55  -404.55
239.25  21.75  -60.90
287.10  321.90  -604.65
52.20  -30.45  -334.95
147.90  -17.40  -400.20
60.90  21.75  -382.80
65.25  -73.95  -574.20
65.25  -73.95  -574.20
65.25  -73.95  -574.20
65.25  -73.95  -574.20
65.25  -73.95  -574.20
65.25  -73.95  -574.20
65.25  -73.95  -574.20
69.60  -73.95  -569.85
65.25  -73.95  -569.85
65.25  -73.95  -569.85
69.60  -73.95  -574.20
265.35  -278.40  -504.60
69.60  -60.90  -404.55
243.60  0.00  -65.25
408.90  204.45  -1013.55
52.20  -30.45  -334.95
178.35  -17.40  -413.25
87.00  117.45  -430.65
69.60  -73.95  -574.20
69.60  -73.95  -574.20
69.60  -73.95  -574.20
69.60  -73.95  -574.20
69.60  -73.95  -574.20
69.60  -73.95  -574.20
69.60  -73.95  -569.85
69.60  -73.95  -569.85
69.60  -73.95  -569.85
69.60  -73.95  -569.85
73.95  -73.95  -569.85
182.70  -100.05  -369.75
69.60  -65.25  -404.55
243.60  0.00  -65.25
313.20  -330.60  -826.50
60.90  -39.15  -330.60
208.80  -47.85  -408.90
230.55  326.25  -796.05
69.60  -73.95  -569.85
69.60  -78.30  -569.85
69.60  -78.30  -569.85
69.60  -73.95  -569.85
69.60  -73.95  -569.85
69.60  -73.95  -569.85
69.60  -73.95  -569.85
73.95  -78.30  -574.20
73.95  -78.30  -569.85
73.95  -78.30  -569.85
73.95  -78.30  -569.85
165.30  -17.40  -356.70
65.25  -60.90  -408.90
182.70  -8.70  -60.90
313.20  -330.60  -826.50
56.55  -43.50  -330.60
178.35  -78.30  -413.25
274.05  -208.80  -1074.45
73.95  -78.30  -569.85
73.95  -78.30  -569.85
73.95  -78.30  -569.85
73.95  -82.65  -569.85
73.95  -82.65  -569.85
73.95  -82.65  -569.85
73.95  -78.30  -569.85
73.95  -78.30  -574.20
73.95  -78.30  -574.20
73.95  -78.30  -574.20
73.95  -82.65  -569.85
165.30  4.35  -356.70
65.25  -60.90  -408.90
169.65  0.00  -60.90
313.20  -330.60  -826.50
56.55  -43.50  -330.60
152.25  -82.65  -404.55
221.85  -426.30  -817.80
69.60  -78.30  -569.85
73.95  -78.30  -569.85
73.95  -78.30  -569.85
73.95  -78.30  -569.85
73.95  -82.65  -569.85
73.95  -78.30  -569.85
73.95  -78.30  -569.85
73.95  -78.30  -569.85
73.95  -78.30  -565.50
78.30  -78.30  -569.85
78.30  -78.30  -569.85
165.30  0.00  -356.70
65.25  -56.55  -408.90
174.00  0.00  -60.90
126.15  -95.70  -404.55
52.20  -39.15  -330.60
178.35  -95.70  -413.25
39.15  -408.90  -926.55
78.30  -82.65  -565.50
78.30  -82.65  -569.85
82.65  -82.65  -565.50
87.00  -82.65  -569.85
87.00  -82.65  -569.85
91.35  -87.00  -565.50
87.00  -82.65  -569.85
95.70  -82.65  -565.50
95.70  -82.65  -565.50
95.70  -82.65  -565.50
100.05  -82.65  -561.15
156.60  0.00  -356.70
65.25  -65.25  -404.55
169.65  -21.75  -56.55
82.65  -78.30  -395.85
65.25  -47.85  -330.60
221.85  -261.00  -495.90
-217.50  -160.95  -508.95
130.50  -91.35  -561.15
143.55  -95.70  -561.15
147.90  -95.70  -565.50
147.90  -95.70  -565.50
147.90  -95.70  -565.50
169.65  -104.40  -569.85
178.35  -104.40  -569.85
195.75  -108.75  -574.20
195.75  -108.75  -574.20
195.75  -108.75  -574.20
221.85  -117.45  -582.90
152.25  13.05  -356.70
69.60  -73.95  -404.55
156.60  -39.15  -60.90
82.65  -17.40  -391.50
87.00  -95.70  -326.25
8.70  -317.55  -530.70
-34.80  -69.60  -387.15
321.90  -156.60  -669.90
352.35  -174.00  -691.65
378.45  -191.40  -722.10
413.25  -204.45  -752.55
413.25  -204.45  -752.55
452.40  -221.85  -787.35
491.55  -243.60  -826.50
530.70  -265.35  -874.35
569.85  -291.45  -930.90
569.85  -291.45  -930.90
569.85  -291.45  -930.90
152.25  17.40  -361.05
65.25  -78.30  -400.20
143.55  -21.75  -52.20
100.05  0.00  -391.50
78.30  -169.65  -334.95
-26.10  -152.25  -417.60
13.05  -56.55  -382.80
334.95  -491.55  -1357.20
221.85  -500.25  -1374.60
117.45  -500.25  -1361.55
39.15  -482.85  -1322.40
-17.40  -461.10  -1287.60
-17.40  -461.10  -1287.60
-17.40  -461.10  -1287.60
-113.10  -421.95  -1209.30
-156.60  -404.55  -1196.25
-200.10  -391.50  -1178.85
-239.25  -378.45  -1161.45
156.60  26.10  -361.05
52.20  -82.65  -400.20
139.20  4.35  -56.55
108.75  8.70  -395.85
4.35  -169.65  -343.65
43.50  -69.60  -400.20
34.80  -56.55  -387.15
-374.10  -278.40  -1061.40
-369.75  -274.05  -1065.75
-369.75  -274.05  -1065.75
-369.75  -274.05  -1065.75
-374.10  -274.05  -1074.45
-369.75  -269.70  -1087.50
-369.75  -274.05  -1087.50
-361.05  -269.70  -1096.20
-348.00  -265.35  -1113.60
-343.65  -261.00  -1122.30
-343.65  -261.00  -1122.30
156.60  21.75  -361.05
52.20  -91.35  -400.20
139.20  0.00  -56.55
113.10  8.70  -391.50
-4.35  -187.05  -361.05
34.80  -69.60  -404.55
34.80  -56.55  -391.50
-334.95  -100.05  -1109.25
-334.95  -100.05  -1109.25
-334.95  -100.05  -1109.25
-352.35  -30.45  -1091.85
-348.00  4.35  -1074.45
-330.60  39.15  -1061.40
-313.20  65.25  -1030.95
-313.20  65.25  -1030.95
-313.20  65.25  -1030.95
-269.70  113.10  -974.40
-247.95  139.20  -943.95
152.25  26.10  -361.05
39.15  -121.80  -404.55
126.15  -4.35  -56.55
108.75  8.70  -391.50
-130.50  -265.35  -535.05
26.10  -43.50  -404.55
34.80  -47.85  -387.15
-104.40  187.05  -765.60
-87.00  182.70  -735.15
-65.25  174.00  -709.05
-65.25  174.00  -709.05
-47.85  160.95  -682.95
-26.10  143.55  -661.20
-17.40  126.15  -643.80
-17.40  126.15  -643.80
-17.40  126.15  -643.80
4.35  87.00  -609.00
13.05  69.60  -600.30
147.90  26.10  -361.05
-30.45  -269.70  -500.25
78.30  13.05  -60.90
104.40  17.40  -395.85
-187.05  221.85  -682.95
47.85  -13.05  -400.20
39.15  -47.85  -387.15
34.80  0.00  -569.85
34.80  0.00  -569.85
39.15  -4.35  -569.85
43.50  -13.05  -569.85
39.15  -17.40  -565.50
39.15  -17.40  -565.50
43.50  -21.75  -565.50
43.50  -26.10  -569.85
47.85  -30.45  -565.50
47.85  -30.45  -565.50
43.50  -34.80  -565.50
152.25  26.10  -356.70
-334.95  -87.00  -874.35
95.70  47.85  -47.85
104.40  17.40  -395.85
-21.75  139.20  -348.00
82.65  -26.10  -400.20
43.50  -52.20  -391.50
47.85  -56.55  -565.50
52.20  -56.55  -565.50
52.20  -56.55  -565.50
52.20  -56.55  -565.50
52.20  -60.90  -569.85
52.20  -60.90  -569.85
56.55  -60.90  -565.50
56.55  -60.90  -565.50
52.20  -60.90  -569.85
52.20  -65.25  -569.85
56.55  -65.25  -569.85
152.25  30.45  -356.70
-213.15  326.25  -656.85
121.80  43.50  -47.85
113.10  17.40  -400.20
21.75  43.50  -317.55
91.35  -30.45  -404.55
43.50  -52.20  -391.50
56.55  -65.25  -569.85
56.55  -65.25  -569.85
56.55  -60.90  -569.85
56.55  -60.90  -569.85
52.20  -65.25  -569.85
52.20  -65.25  -569.85
52.20  -60.90  -569.85
52.20  -65.25  -569.85
52.20  -65.25  -569.85
52.20  -65.25  -569.85
56.55  -65.25  -565.50
152.25  26.10  -356.70
-317.55  287.10  -783.00
113.10  47.85  -47.85
113.10  17.40  -395.85
4.35  82.65  -321.90
82.65  -30.45  -404.55
43.50  -52.20  -391.50
52.20  -56.55  -565.50
52.20  -56.55  -565.50
52.20  -52.20  -569.85
52.20  -52.20  -569.85
52.20  -52.20  -565.50
52.20  -47.85  -565.50
52.20  -47.85  -565.50
47.85  -47.85  -565.50
47.85  -43.50  -565.50
47.85  -47.85  -565.50
47.85  -47.85  -565.50
152.25  26.10  -356.70
-317.55  -239.25  -752.55
91.35  30.45  -52.20
108.75  17.40  -391.50
-169.65  265.35  -474.15
65.25  -21.75  -400.20
43.50  -47.85  -391.50
30.45  0.00  -552.45
30.45  0.00  -552.45
30.45  8.70  -552.45
26.10  17.40  -552.45
26.10  17.40  -552.45
21.75  30.45  -548.10
17.40  43.50  -552.45
4.35  56.55  -548.10
4.35  56.55  -548.10
0.00  78.30  -556.80
-13.05  95.70  -556.80
152.25  21.75  -356.70
-34.80  -269.70  -413.25
95.70  4.35  -39.15
108.75  8.70  -391.50
-617.70  -204.45  -922.20
34.80  -26.10  -382.80
39.15  -52.20  -387.15
-130.50  261.00  -648.15
-130.50  261.00  -648.15
-130.50  261.00  -648.15
-217.50  352.35  -717.75
-278.40  387.15  -756.90
-343.65  426.30  -826.50
-343.65  426.30  -826.50
-343.65  426.30  -826.50
-465.45  448.05  -1009.20
-530.70  426.30  -1117.95
-595.95  378.45  -1218.00
152.25  21.75  -361.05
43.50  -104.40  -387.15
130.50  0.00  -52.20
108.75  13.05  -395.85
-52.20  -291.45  -348.00
26.10  -60.90  -378.45
39.15  -52.20  -382.80
-987.45  -339.30  -1853.10
-983.10  -517.65  -1892.25
-978.75  -704.70  -1909.65
-978.75  -704.70  -1909.65
-978.75  -704.70  -1909.65
-913.50  -1131.00  -1957.50
-774.30  -1257.15  -1874.85
-609.00  -1313.70  -1744.35
-448.05  -1305.00  -1596.45
-295.80  -1278.90  -1474.65
-187.05  -1231.05  -1352.85
160.95  26.10  -361.05
56.55  -78.30  -400.20
143.55  4.35  -56.55
108.75  8.70  -391.50
34.80  -121.80  -308.85
39.15  -87.00  -374.10
30.45  -56.55  -378.45
169.65  -748.20  -904.80
195.75  -656.85  -856.95
195.75  -656.85  -856.95
195.75  -656.85  -856.95
230.55  -500.25  -778.65
243.60  -439.35  -752.55
256.65  -382.80  -726.45
256.65  -334.95  -700.35
256.65  -334.95  -700.35
256.65  -287.10  -678.60
256.65  -256.65  -656.85
156.60  17.40  -361.05
65.25  -73.95  -404.55
147.90  -13.05  -60.90
91.35  -13.05  -387.15
73.95  -78.30  -330.60
82.65  -265.35  -465.45
-82.65  -95.70  -382.80
178.35  -126.15  -578.55
169.65  -113.10  -574.20
156.60  -104.40  -569.85
156.60  -104.40  -569.85
156.60  -104.40  -569.85
134.85  -95.70  -565.50
126.15  -91.35  -565.50
121.80  -91.35  -561.15
121.80  -91.35  -561.15
121.80  -91.35  -561.15
108.75  -87.00  -561.15
152.25  0.00  -356.70
65.25  -65.25  -408.90
174.00  -26.10  -60.90
73.95  -104.40  -387.15
69.60  -47.85  -330.60
243.60  -174.00  -430.65
-461.10  -530.70  -996.15
91.35  -82.65  -565.50
91.35  -78.30  -565.50
87.00  -82.65  -565.50
87.00  -82.65  -565.50
91.35  -82.65  -565.50
87.00  -82.65  -565.50
82.65  -82.65  -565.50
82.65  -82.65  -565.50
82.65  -82.65  -565.50
78.30  -82.65  -565.50
73.95  -82.65  -565.50
160.95  0.00  -352.35
65.25  -65.25  -408.90
174.00  -4.35  -56.55
126.15  -139.20  -378.45
56.55  -39.15  -326.25
187.05  -91.35  -391.50
756.90  -687.30  -2040.15
73.95  -78.30  -569.85
73.95  -78.30  -569.85
73.95  -78.30  -569.85
73.95  -73.95  -569.85
69.60  -78.30  -569.85
73.95  -78.30  -569.85
73.95  -78.30  -569.85
73.95  -78.30  -569.85
73.95  -78.30  -574.20
69.60  -78.30  -574.20
69.60  -78.30  -574.20
169.65  -43.50  -348.00
65.25  -65.25  -408.90
204.45  -21.75  -56.55
308.85  -487.20  -722.10
56.55  -34.80  -330.60
226.20  -39.15  -404.55
217.50  530.70  -652.50
69.60  -73.95  -569.85
69.60  -73.95  -569.85
69.60  -73.95  -569.85
69.60  -73.95  -565.50
69.60  -73.95  -565.50
69.60  -73.95  -565.50
65.25  -73.95  -569.85
65.25  -69.60  -569.85
65.25  -69.60  -569.85
65.25  -69.60  -569.85
65.25  -69.60  -569.85
352.35  -482.85  -487.20
69.60  -56.55  -404.55
256.65  13.05  -47.85
643.80  743.85  -983.10
52.20  -26.10  -330.60
143.55  -8.70  -391.50
52.20  17.40  -352.35
60.90  -73.95  -569.85
60.90  -73.95  -569.85
60.90  -73.95  -569.85
60.90  -73.95  -569.85
65.25  -73.95  -569.85
60.90  -73.95  -569.85
60.90  -73.95  -569.85
60.90  -73.95  -569.85
60.90  -73.95  -574.20
60.90  -73.95  -574.20
60.90  -73.95  -574.20
1244.10  617.70  -2018.40
73.95  -56.55  -400.20
226.20  65.25  -39.15
134.85  174.00  -348.00
52.20  -26.10  -330.60
113.10  -30.45  -395.85
43.50  -34.80  -374.10
60.90  -73.95  -574.20
60.90  -73.95  -574.20
60.90  -73.95  -574.20
56.55  -73.95  -574.20
56.55  -73.95  -574.20
56.55  -73.95  -574.20
60.90  -73.95  -574.20
56.55  -73.95  -574.20
56.55  -78.30  -574.20
56.55  -78.30  -574.20
56.55  -78.30  -574.20
-208.80  817.80  -413.25
82.65  -43.50  -395.85
217.50  113.10  -21.75
100.05  65.25  -356.70
52.20  -21.75  -326.25
100.05  -21.75  -395.85
43.50  -47.85  -382.80
56.55  -73.95  -574.20
60.90  -73.95  -569.85
60.90  -69.60  -569.85
60.90  -69.60  -569.85
56.55  -69.60  -569.85
56.55  -73.95  -569.85
60.90  -69.60  -565.50
60.90  -69.60  -565.50
56.55  -69.60  -569.85
60.90  -69.60  -569.85
56.55  -69.60  -574.20
60.90  78.30  -300.15
234.90  47.85  -391.50
91.35  287.10  -8.70
108.75  26.10  -378.45
60.90  17.40  -304.50
91.35  -21.75  -382.80
43.50  -52.20  -387.15
60.90  -65.25  -565.50
52.20  -69.60  -565.50
56.55  -69.60  -565.50
56.55  -69.60  -565.50
56.55  -69.60  -565.50
56.55  -69.60  -565.50
52.20  -65.25  -565.50
56.55  -65.25  -561.15
56.55  -65.25  -561.15
56.55  -65.25  -561.15
52.20  -65.25  -561.15
147.90  30.45  -343.65
195.75  896.10  -1083.15
100.05  73.95  -8.70
117.45  13.05  -391.50
30.45  60.90  -287.10
91.35  -34.80  -391.50
47.85  -47.85  -387.15
52.20  -65.25  -561.15
52.20  -69.60  -561.15
52.20  -69.60  -561.15
52.20  -69.60  -565.50
52.20  -69.60  -561.15
52.20  -69.60  -561.15
52.20  -69.60  -561.15
52.20  -69.60  -561.15
52.20  -69.60  -561.15
47.85  -69.60  -561.15
47.85  -69.60  -561.15
156.60  30.45  -356.70
-513.30  387.15  -504.60
139.20  30.45  -34.80
117.45  13.05  -391.50
4.35  39.15  -278.40
95.70  -39.15  -400.20
43.50  -52.20  -391.50
52.20  -69.60  -565.50
56.55  -69.60  -561.15
52.20  -65.25  -561.15
52.20  -65.25  -561.15
52.20  -65.25  -561.15
52.20  -69.60  -561.15
52.20  -69.60  -561.15
52.20  -69.60  -561.15
52.20  -69.60  -561.15
47.85  -69.60  -561.15
52.20  -65.25  -561.15
156.60  26.10  -356.70
-543.75  382.80  -482.85
139.20  30.45  -34.80
117.45  13.05  -391.50
4.35  39.15  -274.05
95.70  -39.15  -395.85
47.85  -52.20  -391.50
52.20  -69.60  -561.15
52.20  -69.60  -561.15
52.20  -69.60  -561.15
52.20  -69.60  -561.15
52.20  -69.60  -561.15
52.20  -69.60  -561.15
52.20  -69.60  -561.15
52.20  -69.60  -561.15
56.55  -69.60  -561.15
56.55  -69.60  -561.15
52.20  -73.95  -561.15
156.60  30.45  -356.70
-561.15  421.95  -500.25
139.20  34.80  -34.80
117.45  13.05  -395.85
8.70  39.15  -274.05
95.70  -34.80  -400.20
47.85  -52.20  -387.15
52.20  -69.60  -561.15
52.20  -69.60  -561.15
52.20  -69.60  -561.15
52.20  -69.60  -561.15
52.20  -73.95  -556.80
52.20  -69.60  -561.15
52.20  -69.60  -556.80
52.20  -69.60  -556.80
52.20  -69.60  -561.15
47.85  -69.60  -561.15
52.20  -69.60  -556.80
156.60  30.45  -356.70
-691.65  530.70  -609.00
134.85  39.15  -26.10
117.45  13.05  -391.50
0.00  56.55  -261.00
95.70  -34.80  -391.50
43.50  -52.20  -391.50
52.20  -65.25  -556.80
52.20  -65.25  -556.80
52.20  -65.25  -556.80
47.85  -60.90  -556.80
47.85  -65.25  -552.45
47.85  -65.25  -552.45
47.85  -60.90  -552.45
52.20  -56.55  -548.10
47.85  -56.55  -548.10
47.85  -56.55  -548.10
47.85  -56.55  -543.75
152.25  30.45  -343.65
-691.65  530.70  -609.00
-13.05  95.70  52.20
113.10  21.75  -382.80
121.80  552.45  -291.45
60.90  0.00  -339.30
43.50  -47.85  -378.45
52.20  -26.10  -530.70
52.20  -26.10  -530.70
56.55  -21.75  -530.70
56.55  -21.75  -530.70
56.55  -17.40  -530.70
60.90  -8.70  -530.70
60.90  -8.70  -530.70
60.90  -8.70  -530.70
73.95  0.00  -530.70
78.30  4.35  -526.35
78.30  4.35  -526.35
121.80  21.75  -330.60
274.05  -291.45  -413.25
-961.35  -539.40  -513.30
73.95  26.10  -343.65
522.00  113.10  -382.80
-226.20  548.10  -308.85
30.45  -43.50  -352.35
95.70  8.70  -522.00
95.70  8.70  -522.00
100.05  4.35  -522.00
100.05  0.00  -513.30
100.05  0.00  -513.30
100.05  0.00  -517.65
100.05  -4.35  -517.65
100.05  -4.35  -517.65
100.05  -4.35  -517.65
104.40  -4.35  -530.70
104.40  -4.35  -530.70
108.75  4.35  -321.90
152.25  -143.55  -378.45
-304.50  -1374.60  -852.60
13.05  30.45  -313.20
522.00  113.10  -382.80
-195.75  1113.60  -574.20
26.10  -30.45  -339.30
100.05  -13.05  -530.70
104.40  -8.70  -535.05
104.40  -8.70  -535.05
104.40  -8.70  -535.05
104.40  -8.70  -535.05
108.75  -8.70  -535.05
108.75  -8.70  -535.05
108.75  -8.70  -535.05
113.10  -4.35  -543.75
113.10  -4.35  -548.10
113.10  -4.35  -548.10
100.05  -4.35  -330.60
147.90  -147.90  -417.60
-30.45  -417.60  -552.45
8.70  21.75  -374.10
243.60  -21.75  -421.95
-17.40  304.50  -682.95
4.35  -21.75  -374.10
113.10  -13.05  -587.25
113.10  -13.05  -587.25
108.75  -13.05  -591.60
108.75  -17.40  -591.60
104.40  -17.40  -600.30
104.40  -17.40  -600.30
104.40  -17.40  -600.30
100.05  -21.75  -604.65
95.70  -26.10  -604.65
95.70  -26.10  -604.65
95.70  -26.10  -604.65
121.80  8.70  -374.10
95.70  -95.70  -452.40
130.50  -21.75  -169.65
8.70  21.75  -374.10
82.65  -34.80  -395.85
87.00  -13.05  -478.50
26.10  -39.15  -408.90
78.30  -56.55  -600.30
73.95  -56.55  -604.65
69.60  -60.90  -600.30
69.60  -60.90  -600.30
69.60  -60.90  -600.30
69.60  -65.25  -600.30
65.25  -69.60  -595.95
65.25  -69.60  -595.95
65.25  -69.60  -595.95
65.25  -69.60  -591.60
65.25  -69.60  -595.95
152.25  21.75  -374.10
60.90  -60.90  -426.30
130.50  -21.75  -169.65
82.65  13.05  -421.95
43.50  -30.45  -352.35
100.05  -39.15  -430.65
43.50  -47.85  -404.55
60.90  -73.95  -587.25
60.90  -73.95  -587.25
56.55  -78.30  -587.25
56.55  -78.30  -587.25
56.55  -73.95  -587.25
56.55  -73.95  -587.25
56.55  -73.95  -587.25
56.55  -78.30  -582.90
56.55  -78.30  -582.90
56.55  -78.30  -582.90
56.55  -78.30  -582.90
160.95  26.10  -369.75
60.90  -56.55  -413.25
156.60  21.75  -73.95
117.45  8.70  -404.55
43.50  -30.45  -343.65
100.05  -43.50  -417.60
47.85  -56.55  -400.20
56.55  -78.30  -582.90
56.55  -82.65  -582.90
60.90  -78.30  -582.90
60.90  -78.30  -582.90
60.90  -78.30  -582.90
56.55  -78.30  -578.55
60.90  -82.65  -582.90
60.90  -82.65  -582.90
60.90  -82.65  -582.90
56.55  -78.30  -582.90
56.55  -82.65  -578.55
160.95  26.10  -365.40
56.55  -56.55  -417.60
156.60  21.75  -69.60
117.45  13.05  -404.55
39.15  -34.80  -339.30
104.40  -43.50  -417.60
47.85  -47.85  -400.20
56.55  -82.65  -582.90
56.55  -82.65  -582.90
56.55  -78.30  -582.90
56.55  -82.65  -578.55
60.90  -78.30  -582.90
60.90  -78.30  -582.90
56.55  -82.65  -582.90
56.55  -78.30  -578.55
60.90  -82.65  -578.55
60.90  -82.65  -578.55
56.55  -82.65  -578.55
160.95  30.45  -365.40
60.90  -60.90  -408.90
160.95  17.40  -69.60
121.80  13.05  -404.55
43.50  -39.15  -339.30
104.40  -47.85  -413.25
47.85  -52.20  -395.85
56.55  -82.65  -578.55
60.90  -82.65  -578.55
56.55  -82.65  -578.55
56.55  -82.65  -578.55
56.55  -82.65  -578.55
60.90  -78.30  -578.55
60.90  -78.30  -578.55
60.90  -78.30  -578.55
60.90  -82.65  -578.55
60.90  -87.00  -578.55
65.25  -82.65  -582.90
160.95  30.45  -369.75
65.25  -52.20  -408.90
160.95  17.40  -73.95
121.80  13.05  -404.55
47.85  -30.45  -339.30
100.05  -43.50  -417.60
47.85  -52.20  -395.85
65.25  -82.65  -582.90
65.25  -82.65  -582.90
65.25  -78.30  -578.55
60.90  -82.65  -582.90
60.90  -82.65  -578.55
60.90  -82.65  -578.55
65.25  -82.65  -582.90
65.25  -78.30  -578.55
65.25  -78.30  -578.55
65.25  -78.30  -578.55
60.90  -82.65  -578.55
165.30  26.10  -365.40
65.25  -52.20  -413.25
160.95  21.75  -69.60
121.80  8.70  -400.20
52.20  -34.80  -339.30
104.40  -43.50  -413.25
47.85  -52.20  -395.85
60.90  -82.65  -578.55
65.25  -82.65  -578.55
65.25  -82.65  -582.90
65.25  -82.65  -582.90
60.90  -82.65  -578.55
60.90  -82.65  -578.55
60.90  -82.65  -578.55
60.90  -82.65  -578.55
65.25  -78.30  -578.55
60.90  -82.65  -578.55
60.90  -82.65  -578.55
160.95  30.45  -365.40
60.90  -56.55  -413.25
160.95  21.75  -69.60
117.45  13.05  -404.55
52.20  -30.45  -339.30
108.75  -43.50  -417.60
47.85  -56.55  -395.85
65.25  -82.65  -578.55
65.25  -82.65  -578.55
60.90  -82.65  -578.55
60.90  -82.65  -578.55
60.90  -82.65  -578.55
60.90  -82.65  -578.55
60.90  -82.65  -578.55
60.90  -82.65  -582.90
60.90  -82.65  -582.90
60.90  -82.65  -582.90
65.25  -82.65  -578.55
160.95  26.10  -365.40
60.90  -56.55  -408.90
156.60  21.75  -69.60
117.45  17.40  -404.55
47.85  -34.80  -339.30
104.40  -43.50  -417.60
47.85  -52.20  -400.20
60.90  -78.30  -578.55
60.90  -82.65  -582.90
60.90  -82.65  -582.90
60.90  -82.65  -582.90
65.25  -78.30  -578.55
60.90  -82.65  -582.90
60.90  -82.65  -582.90
60.90  -82.65  -582.90
60.90  -78.30  -578.55
60.90  -82.65  -578.55
60.90  -82.65  -578.55
160.95  30.45  -365.40
60.90  -52.20  -413.25
160.95  21.75  -73.95
121.80  13.05  -404.55
47.85  -34.80  -339.30
104.40  -43.50  -417.60
52.20  -56.55  -395.85
60.90  -82.65  -578.55
60.90  -82.65  -578.55
60.90  -82.65  -578.55
60.90  -82.65  -578.55
60.90  -82.65  -578.55
60.90  -82.65  -578.55
60.90  -82.65  -582.90
60.90  -82.65  -578.55
60.90  -82.65  -578.55
60.90  -82.65  -578.55
60.90  -87.00  -578.55
160.95  30.45  -365.40
65.25  -52.20  -413.25
160.95  21.75  -73.95
121.80  8.70  -404.55
47.85  -34.80  -339.30
104.40  -43.50  -417.60
47.85  -52.20  -395.85
60.90  -82.65  -578.55
60.90  -82.65  -578.55
60.90  -82.65  -578.55
65.25  -82.65  -578.55
60.90  -82.65  -582.90
65.25  -82.65  -578.55
65.25  -82.65  -578.55
65.25  -87.00  -578.55
65.25  -82.65  -582.90
60.90  -82.65  -582.90
60.90  -82.65  -582.90
160.95  26.10  -365.40
65.25  -52.20  -413.25
160.95  21.75  -69.60
121.80  13.05  -404.55
52.20  -34.80  -339.30
104.40  -39.15  -417.60
47.85  -56.55  -400.20
65.25  -82.65  -582.90
65.25  -78.30  -578.55
60.90  -78.30  -578.55
60.90  -82.65  -578.55
60.90  -82.65  -578.55
65.25  -82.65  -578.55
60.90  -82.65  -578.55
60.90  -82.65  -582.90
60.90  -82.65  -582.90
65.25  -82.65  -578.55
65.25  -82.65  -582.90
160.95  30.45  -365.40
65.25  -52.20  -413.25
156.60  17.40  -73.95
121.80  13.05  -400.20
47.85  -34.80  -339.30
100.05  -43.50  -417.60
47.85  -52.20  -395.85
65.25  -82.65  -578.55
65.25  -82.65  -578.55
65.25  -82.65  -578.55
60.90  -82.65  -578.55
60.90  -78.30  -578.55
60.90  -87.00  -578.55
60.90  -87.00  -578.55
65.25  -82.65  -582.90
60.90  -82.65  -578.55
60.90  -82.65  -578.55
60.90  -82.65  -578.55
160.95  30.45  -365.40
65.25  -52.20  -413.25
160.95  21.75  -73.95
121.80  13.05  -400.20
47.85  -34.80  -334.95
104.40  -43.50  -417.60
47.85  -52.20  -395.85
60.90  -82.65  -582.90
65.25  -82.65  -582.90
60.90  -82.65  -578.55
60.90  -82.65  -578.55
60.90  -82.65  -578.55
60.90  -78.30  -578.55
60.90  -82.65  -578.55
60.90  -82.65  -578.55
60.90  -82.65  -578.55
60.90  -82.65  -578.55
65.25  -82.65  -582.90
160.95  30.45  -369.75
65.25  -52.20  -413.25
160.95  21.75  -69.60
121.80  13.05  -404.55
52.20  -30.45  -339.30
104.40  -43.50  -417.60
47.85  -52.20  -395.85
65.25  -82.65  -578.55
60.90  -82.65  -582.90
60.90  -82.65  -582.90
60.90  -82.65  -578.55
60.90  -82.65  -578.55
60.90  -87.00  -578.55
60.90  -87.00  -578.55
60.90  -82.65  -578.55
60.90  -82.65  -582.90
60.90  -82.65  -582.90
60.90  -82.65  -582.90
165.30  30.45  -365.40
60.90  -56.55  -413.25
156.60  17.40  -69.60
121.80  17.40  -404.55
52.20  -34.80  -339.30
100.05  -47.85  -417.60
47.85  -47.85  -400.20
60.90  -82.65  -582.90
65.25  -78.30  -578.55
60.90  -82.65  -578.55
60.90  -82.65  -582.90
60.90  -82.65  -582.90
60.90  -82.65  -582.90
60.90  -82.65  -578.55
60.90  -82.65  -578.55
60.90  -82.65  -578.55
60.90  -78.30  -578.55
60.90  -78.30  -582.90
160.95  26.10  -369.75
65.25  -52.20  -413.25
160.95  21.75  -73.95
117.45  8.70  -404.55
47.85  -34.80  -339.30
100.05  -47.85  -417.60
47.85  -52.20  -400.20
60.90  -82.65  -578.55
60.90  -82.65  -578.55
65.25  -82.65  -578.55
60.90  -78.30  -582.90
60.90  -82.65  -578.55
60.90  -82.65  -578.55
60.90  -82.65  -578.55
60.90  -78.30  -578.55
65.25  -82.65  -578.55
65.25  -82.65  -578.55
65.25  -82.65  -578.55
165.30  30.45  -369.75
60.90  -52.20  -413.25
156.60  21.75  -69.60
121.80  13.05  -404.55
47.85  -34.80  -339.30
104.40  -47.85  -417.60
47.85  -56.55  -400.20
60.90  -82.65  -578.55
60.90  -82.65  -578.55
65.25  -82.65  -578.55
65.25  -82.65  -578.55
65.25  -82.65  -578.55
60.90  -82.65  -582.90
60.90  -82.65  -578.55
60.90  -82.65  -578.55
60.90  -82.65  -578.55
60.90  -82.65  -578.55
60.90  -78.30  -578.55
160.95  30.45  -365.40
60.90  -52.20  -408.90
156.60  21.75  -69.60
117.45  8.70  -404.55
47.85  -34.80  -339.30
104.40  -47.85  -417.60
47.85  -52.20  -395.85
60.90  -78.30  -582.90
60.90  -78.30  -582.90
60.90  -82.65  -578.55
60.90  -82.65  -582.90
60.90  -82.65  -578.55
60.90  -82.65  -578.55
60.90  -78.30  -582.90
60.90  -82.65  -578.55
60.90  -78.30  -578.55
60.90  -78.30  -578.55
60.90  -82.65  -582.90
165.30  26.10  -369.75
65.25  -56.55  -408.90
160.95  21.75  -69.60
121.80  13.05  -404.55
47.85  -34.80  -339.30
108.75  -43.50  -417.60
47.85  -52.20  -395.85
60.90  -78.30  -578.55
60.90  -78.30  -578.55
60.90  -78.30  -578.55